2160*1622
46,734
47,735
48,737
49,739
50,739
51,740
52,740
53,741
54,741
55,741
56,742
57,742
58,743
59,744
60,575
61,749
62,750
63,751
63,757
64,751
64,758
65,758
66,758
67,758
68,758
69,759
70,759
71,759
72,760
73,761
74,762
75,763
76,764
77,765
78,766
85,585
86,585
87,584
88,584
89,584
90,583
91,582
91,766
92,581
92,766
93,579
93,766
94,565
94,577
94,765
95,568
95,579
95,765
96,566
96,571
96,765
97,565
97,764
98,564
98,764
99,564
99,764
100,564
100,764
101,563
101,763
102,562
102,763
103,763
104,763
105,763
106,763
107,763
108,762
109,762
110,761
114,760
115,760
116,759
117,758
118,758
119,757
120,757
121,756
122,757
123,756
124,756
125,757
126,756
127,756
128,755
129,755
129,955
130,755
130,955
131,755
131,933
131,955
132,754
132,933
132,956
133,754
133,932
133,956
134,754
134,932
134,956
135,595
135,753
135,942
136,597
136,754
136,931
136,954
137,596
137,931
137,953
138,596
138,930
139,596
139,931
140,594
141,594
142,593
143,592
144,592
145,573
145,590
146,573
146,582
146,591
147,572
147,581
148,573
149,571
150,571
151,571
152,570
153,570
154,568
155,566
156,565
158,781
159,783
160,782
161,782
162,782
163,781
164,780
165,759
165,779
166,758
166,770
166,779
167,759
167,769
167,778
168,758
168,778
169,757
170,757
171,756
172,755
172,935
173,755
173,936
174,753
174,938
175,938
176,593
176,939
177,593
177,940
178,593
178,941
179,593
179,941
180,592
180,942
181,593
181,942
182,593
182,942
183,593
183,942
184,593
184,942
185,592
185,943
186,592
186,944
187,593
188,593
188,948
189,593
190,592
191,592
191,951
191,957
192,593
192,955
193,593
193,956
194,592
194,956
195,956
195,1135
196,957
196,1135
197,958
197,1134
198,958
198,1133
199,592
199,775
199,958
199,1133
200,775
200,959
200,1132
201,593
201,776
201,960
201,1131
202,593
202,776
202,960
202,1131
203,593
203,775
203,961
203,1131
204,592
204,776
204,962
204,1130
205,592
205,775
205,963
205,1130
206,592
206,775
206,1130
207,592
207,776
207,1129
208,592
208,775
208,1128
209,592
209,775
210,592
210,776
210,1124
211,592
211,775
212,592
212,776
213,592
213,776
213,1119
214,592
214,776
214,1118
215,592
215,776
215,1118
216,592
216,1118
217,592
217,1118
218,592
218,776
218,1118
219,592
219,1117
220,592
220,1116
221,592
221,776
221,1116
222,592
222,1115
223,1114
224,942
224,1114
225,777
225,943
225,1113
225,1286
226,776
226,944
226,1112
226,1287
227,776
227,945
227,1110
227,1289
228,776
228,945
228,1289
229,777
229,946
229,1290
230,777
230,946
231,776
231,947
232,776
232,947
232,1294
233,777
233,948
234,777
234,948
235,777
235,948
235,1299
236,777
236,949
236,1299
237,777
237,949
237,1300
238,777
238,949
238,1300
239,777
239,1300
240,777
240,1301
241,777
241,953
241,1301
242,777
242,1129
242,1301
243,1129
243,1302
244,959
244,1129
244,1302
245,958
245,1129
245,1303
246,959
246,1128
246,1304
247,959
247,1129
247,1304
248,960
248,1128
248,1305
249,960
249,1128
249,1305
250,960
250,1128
250,1306
251,961
251,1128
252,961
252,1128
253,961
253,1128
254,962
254,1127
255,962
255,1128
256,963
256,1127
257,964
257,1127
258,965
258,1128
259,965
259,1127
260,966
264,1126
267,1125
268,1124
269,1125
270,1124
271,1124
272,1125
273,1124
274,1125
275,1125
276,967
276,1124
277,967
277,1124
278,966
278,1124
279,965
279,1124
279,1281
280,965
280,1124
280,1280
281,964
281,1124
281,1279
282,964
282,1124
282,1279
283,963
283,1123
283,1279
283,1304
284,963
284,1123
284,1279
284,1305
285,963
285,1123
285,1281
285,1305
286,962
286,1123
286,1283
286,1306
287,962
287,1282
287,1304
288,962
288,1283
288,1306
289,961
289,1284
289,1306
290,595
290,961
290,1308
291,596
291,961
291,1307
292,597
292,960
292,1307
293,598
294,599
295,600
295,957
296,600
296,956
297,600
297,956
298,600
298,954
298,1116
299,601
299,953
299,1118
300,601
300,952
300,1118
300,1443
301,602
301,952
301,1119
301,1442
302,603
302,952
302,1119
302,1442
303,603
303,952
303,1120
303,1441
304,951
304,1121
304,1442
305,609
305,951
305,1120
305,1443
305,1466
306,609
306,951
306,1121
306,1445
306,1467
307,615
307,950
307,1121
307,1445
307,1466
308,615
308,949
308,1122
308,1446
308,1456
308,1467
309,615
309,949
309,1122
309,1446
309,1465
310,616
310,948
310,1122
310,1448
310,1467
311,616
311,774
311,948
311,1122
311,1469
312,617
312,775
312,948
312,1123
312,1469
313,617
313,775
313,947
313,1122
313,1470
314,617
314,777
314,946
314,1124
314,1470
315,618
315,777
315,1465
315,1473
316,619
316,778
317,620
317,779
317,1126
318,621
318,779
319,622
319,779
320,622
320,779
320,1127
321,624
321,780
321,1129
322,780
322,1131
323,780
323,1131
324,782
324,1131
325,1132
326,1132
327,786
327,1132
328,787
328,1132
329,791
329,955
329,1133
330,792
330,956
330,1133
331,792
331,956
331,1133
331,1279
332,793
332,956
332,1134
332,1279
333,793
333,956
333,1135
333,1278
334,794
334,956
334,1134
334,1278
334,1615
335,794
335,957
335,1135
335,1278
335,1616
336,795
336,957
336,1136
336,1279
336,1616
337,617
337,796
337,957
337,1136
337,1281
337,1616
338,617
338,796
338,958
338,1282
338,1301
338,1615
339,616
339,797
339,957
339,1284
339,1302
339,1615
340,616
340,798
340,957
340,1283
340,1299
340,1615
341,616
341,799
341,958
341,1301
341,1615
342,616
342,799
342,958
342,1303
342,1615
343,616
343,958
343,1303
343,1615
344,616
344,958
344,1304
344,1615
345,616
345,1306
345,1614
346,616
346,1305
346,1615
347,616
347,1308
347,1615
348,615
349,616
350,616
351,615
352,615
353,615
353,960
354,616
354,959
355,960
356,960
356,1441
357,960
357,1440
358,961
358,1439
358,1463
359,614
359,960
359,1439
359,1463
360,615
360,960
360,1439
360,1463
361,615
361,961
361,1440
361,1464
362,960
362,1452
363,961
363,1138
363,1441
363,1465
364,614
364,961
364,1139
364,1441
364,1465
365,614
365,961
365,1139
365,1442
365,1464
366,613
366,961
366,1138
366,1465
367,613
367,961
367,1138
368,613
368,961
368,1137
369,614
369,962
369,1116
369,1136
370,613
370,773
370,1116
370,1134
371,613
371,774
371,1116
371,1125
371,1136
371,1285
372,613
372,774
372,1118
372,1136
372,1285
373,613
373,775
373,1115
373,1286
374,613
374,775
374,1114
374,1286
375,613
375,776
375,1114
375,1286
376,613
376,777
376,1113
376,1286
377,613
377,777
377,1112
377,1287
377,1596
378,613
378,780
378,801
378,1112
378,1287
378,1595
379,613
379,780
379,800
379,1287
379,1594
380,613
380,780
380,789
380,800
380,1287
380,1594
381,612
381,781
381,798
381,1287
381,1594
382,799
382,1287
382,1594
383,801
383,1287
383,1594
384,802
384,1287
384,1595
385,803
385,1287
385,1596
386,803
386,1284
386,1289
386,1596
387,804
387,1288
387,1598
388,805
388,1287
389,806
389,944
390,621
390,806
390,945
391,621
391,946
392,621
392,947
393,621
393,947
393,1288
394,621
394,948
395,620
395,949
396,620
396,949
397,620
397,950
397,1290
398,620
398,950
398,1290
399,620
399,951
399,1291
400,620
400,951
400,1291
401,620
401,952
401,957
401,1290
402,620
402,959
402,1291
403,620
403,960
403,969
403,1115
403,1290
404,620
404,965
404,1116
404,1291
405,620
405,967
405,1116
405,1291
406,620
406,968
406,1116
406,1291
407,620
407,969
407,1117
407,1292
408,969
408,1117
408,1291
409,970
409,1118
409,1292
410,619
410,970
410,1118
410,1292
411,971
411,1119
411,1291
412,619
412,972
412,1119
412,1292
413,973
413,1119
413,1292
414,619
414,974
414,1119
414,1292
415,620
415,780
415,975
415,1120
415,1292
416,620
416,781
416,976
416,1120
417,618
417,781
417,1120
418,618
418,783
418,1120
419,618
419,783
419,1120
420,618
420,784
420,1121
421,618
421,784
421,1122
422,618
422,785
423,618
423,785
424,618
424,786
425,618
425,785
425,1124
426,618
426,786
427,617
427,786
428,618
428,787
429,618
429,787
429,1128
429,1586
430,617
430,787
430,1128
430,1584
431,617
431,1128
431,1584
432,617
432,1129
432,1583
433,617
433,1129
433,1583
434,617
434,791
434,958
434,1129
434,1583
435,958
435,1129
435,1584
436,958
436,1129
436,1585
437,795
437,959
437,1129
437,1586
438,796
438,959
438,1130
439,796
439,958
439,1130
440,797
440,958
440,1131
441,457
441,797
441,958
441,1131
441,1274
442,458
442,798
442,958
442,1131
442,1273
443,457
443,797
443,959
443,1132
443,1272
443,1293
444,458
444,797
444,958
444,1132
444,1272
444,1294
445,458
445,610
445,798
445,959
445,1133
445,1272
445,1295
446,460
446,611
446,798
446,959
446,1133
446,1273
446,1295
447,460
447,612
447,799
447,958
447,1133
447,1273
447,1293
448,461
448,612
448,800
448,959
448,1274
448,1296
449,460
449,613
449,800
449,959
449,1276
449,1296
450,463
450,613
450,801
450,959
450,1297
451,614
451,802
451,958
451,1296
452,615
452,802
452,958
453,615
454,615
454,958
455,616
456,616
457,616
458,617
458,1427
459,617
459,1427
460,617
460,1427
461,617
461,959
461,1428
462,619
462,958
462,1428
463,620
463,959
463,1430
464,959
464,1430
465,959
465,1431
466,622
466,959
466,1431
467,623
467,959
467,1433
467,1450
468,959
468,1432
468,1441
468,1450
469,627
469,959
469,1448
470,627
470,959
470,1451
471,628
471,959
471,1451
472,628
472,959
472,1453
473,628
473,959
473,1453
474,628
474,959
474,1454
475,629
475,959
475,1455
476,629
476,959
476,1455
477,461
477,629
477,959
477,1457
478,460
478,630
478,959
479,460
479,630
479,959
479,1290
480,459
480,631
480,1290
481,458
481,631
481,1289
482,458
482,632
482,1288
483,458
483,633
483,1288
484,457
484,632
484,1288
485,457
485,634
485,1287
486,456
486,634
486,1286
487,456
487,1286
488,456
488,1285
489,456
489,1285
490,456
490,1285
491,456
491,1285
492,455
492,1284
493,455
493,1284
494,1284
495,1284
496,1283
497,452
498,452
499,1279
500,1279
501,448
501,1279
502,448
502,1278
503,448
504,448
504,610
504,1275
505,447
505,611
505,1275
506,448
506,612
506,1275
507,447
507,613
507,1274
508,447
508,614
508,1275
509,447
509,614
509,1274
510,446
510,614
510,1274
511,446
511,615
511,1274
512,446
512,616
512,1107
512,1273
513,445
513,617
513,1106
513,1273
514,445
514,617
514,1108
514,1273
515,444
515,617
515,1108
515,1272
515,1420
516,444
516,618
516,1109
516,1272
516,1420
517,444
517,618
517,1109
517,1271
517,1419
517,1446
518,443
518,1110
518,1270
518,1419
518,1446
519,624
519,1110
519,1270
519,1419
519,1447
520,624
520,1111
520,1269
520,1420
520,1447
521,629
521,1111
521,1269
521,1423
521,1446
522,630
522,1112
522,1421
522,1444
523,631
523,1112
523,1422
523,1448
524,632
524,1112
524,1423
524,1448
525,632
525,1112
525,1448
526,632
526,1112
526,1449
527,633
527,1113
527,1447
528,633
528,1113
529,634
530,635
530,805
531,636
531,805
531,1117
532,637
532,804
533,467
533,638
533,803
533,1117
534,466
534,639
534,802
535,465
535,801
535,1122
536,464
536,801
536,1122
537,464
537,800
537,1123
538,463
538,800
538,1122
539,462
539,799
539,1123
540,462
540,798
540,960
540,1123
541,462
541,783
541,792
541,960
541,1123
542,461
542,784
542,791
542,959
542,1124
543,460
543,784
543,959
543,1124
544,461
544,783
544,959
544,1125
545,460
545,782
545,959
545,1125
546,460
546,782
546,958
546,1125
547,459
547,781
547,958
547,1126
548,781
548,958
548,1127
549,780
549,957
549,1127
550,779
550,957
550,1127
551,778
551,957
551,1128
552,776
552,957
553,450
553,637
553,775
553,957
554,449
554,637
554,957
555,449
555,636
555,957
556,449
556,635
556,957
557,448
557,634
557,957
558,448
558,633
558,956
559,448
559,633
560,447
560,632
561,447
561,632
562,447
562,631
563,446
563,631
563,954
564,445
564,631
564,953
565,445
565,630
566,444
566,631
566,1438
567,443
567,630
567,952
567,1440
568,442
568,629
568,951
568,1440
569,630
569,951
569,1440
570,952
570,1440
571,951
571,1439
572,951
572,1416
572,1438
573,624
573,951
573,1415
573,1438
574,625
574,951
574,1415
574,1426
574,1437
575,619
575,951
575,1417
575,1436
576,619
576,951
576,1099
576,1415
576,1436
577,619
577,950
577,1099
577,1413
578,618
578,951
578,1100
578,1413
579,619
579,950
579,1100
579,1412
580,618
580,949
580,1100
580,1411
581,618
581,950
581,1102
581,1411
582,618
582,949
582,1102
583,617
583,949
583,1103
584,617
584,949
584,1104
584,1121
584,1267
585,617
585,948
585,1104
585,1112
585,1122
585,1267
586,616
586,948
586,1121
586,1267
587,615
587,1123
587,1267
588,614
588,803
588,1123
588,1267
589,614
589,803
589,1124
589,1267
590,613
590,802
590,1125
590,1267
591,612
591,802
591,1125
591,1267
592,780
592,802
592,1126
592,1267
593,780
593,800
593,1128
593,1267
594,780
594,799
594,1267
595,778
595,784
595,790
595,799
595,1267
596,779
596,799
596,1267
597,778
597,1267
598,778
598,1267
599,445
599,470
599,777
599,1267
600,444
600,469
600,776
600,934
600,1267
601,444
601,470
601,776
601,936
601,1267
602,443
602,470
602,937
602,1267
603,443
603,471
603,938
603,1266
604,457
604,939
605,442
605,457
605,471
605,939
606,443
606,458
606,471
606,940
607,442
607,471
607,941
608,444
608,469
608,941
609,446
609,468
609,942
610,942
611,943
611,1266
612,943
612,1266
613,943
613,1266
614,945
614,1266
615,949
615,1266
616,949
616,1266
617,639
617,950
617,1266
618,638
618,952
618,1266
619,637
619,951
619,957
619,1266
620,637
620,958
620,1266
620,1408
621,636
621,958
621,1266
621,1405
622,635
622,958
622,1122
622,1266
622,1404
623,635
623,959
623,1120
623,1266
623,1405
624,634
624,959
624,1120
624,1266
624,1405
625,632
625,786
625,959
625,1118
625,1266
625,1405
625,1428
626,615
626,625
626,634
626,786
626,960
626,1118
626,1265
626,1407
626,1428
627,618
627,633
627,786
627,960
627,1116
627,1265
627,1409
627,1428
628,614
628,786
628,961
628,1116
628,1265
628,1407
628,1426
629,614
629,786
629,961
629,1115
629,1265
629,1409
629,1429
630,613
630,787
630,963
630,1115
630,1429
631,613
631,787
631,963
631,1115
631,1430
632,612
632,786
632,964
632,1114
632,1431
633,612
633,787
633,966
633,1114
633,1431
634,611
634,787
634,1114
634,1431
635,610
635,786
635,1113
636,608
636,786
636,1111
637,453
637,787
638,453
638,787
638,1106
639,453
639,787
639,1106
639,1251
640,454
640,787
640,1099
640,1251
641,454
641,787
641,1099
641,1251
642,454
642,786
642,1100
642,1253
643,454
643,787
643,1098
643,1252
644,454
644,786
644,1098
644,1252
645,455
645,1098
645,1254
646,455
646,1097
646,1254
647,455
647,1097
647,1254
648,455
648,1097
648,1254
649,455
649,1096
649,1254
650,455
650,1095
650,1255
651,455
651,1094
651,1255
652,456
652,1093
652,1255
653,456
653,787
653,1091
653,1255
654,786
654,1090
654,1255
655,787
655,1090
655,1255
656,787
656,1256
657,786
658,787
659,459
659,787
659,1258
660,458
660,628
660,787
660,929
660,1258
661,627
661,787
661,931
662,459
662,627
662,787
662,932
662,1259
663,459
663,627
663,786
663,932
664,459
664,626
664,787
664,933
664,1261
665,459
665,626
665,787
665,934
665,1262
666,459
666,626
666,787
666,934
666,1262
667,459
667,626
667,787
667,935
667,1262
668,460
668,625
668,787
668,936
668,1262
669,459
669,625
669,787
669,939
669,1262
670,460
670,625
670,786
670,936
670,944
670,954
670,1263
670,1394
670,1400
671,460
671,624
671,786
671,946
671,953
671,1263
671,1396
672,460
672,625
672,787
672,952
672,1263
672,1396
673,460
673,624
673,787
673,954
673,1264
673,1397
674,460
674,624
674,955
674,1264
674,1399
675,461
675,624
675,955
675,1264
675,1399
676,461
676,624
676,956
676,1264
676,1399
677,461
677,956
677,1265
677,1400
678,461
678,958
678,1264
678,1400
679,462
679,959
679,1265
679,1402
680,960
680,1266
680,1404
680,1420
681,962
681,1265
681,1402
681,1411
681,1421
682,623
682,1419
683,1421
684,620
684,1112
684,1422
685,620
685,1112
685,1422
686,620
686,1112
686,1423
687,620
687,1112
687,1423
688,620
688,1111
688,1424
689,620
689,1111
689,1425
690,619
690,1090
690,1109
690,1427
691,619
691,1089
691,1106
691,1428
692,449
692,619
692,1089
692,1099
692,1109
692,1246
693,450
693,619
693,1089
693,1108
693,1246
694,450
694,619
694,1088
694,1246
695,450
695,619
695,1087
695,1246
696,451
696,618
696,769
696,1087
696,1247
697,451
697,618
697,770
697,794
697,1085
697,1247
698,452
698,618
698,769
698,796
698,1085
698,1248
699,452
699,617
699,768
699,796
699,1084
699,1248
700,452
700,769
700,796
700,1248
701,452
701,770
701,797
701,1248
702,453
702,769
702,795
702,1248
703,453
703,769
703,797
703,1249
704,453
704,769
704,797
704,1249
705,453
705,769
705,796
705,1248
706,453
706,772
706,795
706,1249
707,454
707,793
707,1248
708,1249
712,458
712,624
712,1250
713,458
713,624
713,1250
714,458
714,624
714,1250
715,460
715,624
716,460
716,623
716,951
717,460
717,623
717,951
717,1252
718,460
718,623
718,952
718,1253
719,460
719,622
719,952
719,1253
720,460
720,623
720,951
720,1253
721,460
721,622
721,929
721,950
721,1253
722,461
722,622
722,928
722,950
722,1253
723,461
723,622
723,928
723,949
723,1253
724,462
724,621
724,930
724,949
724,1253
725,462
725,622
725,927
725,948
725,1253
725,1420
726,462
726,621
726,927
726,948
726,1254
726,1419
727,463
727,621
727,926
727,1254
727,1419
728,463
728,621
728,926
728,1109
728,1254
728,1418
729,463
729,621
729,924
729,1108
729,1254
729,1417
730,464
730,925
730,1105
730,1255
730,1416
731,464
731,1105
731,1255
731,1416
732,1104
732,1255
732,1415
733,1103
733,1255
733,1397
733,1412
734,619
734,1102
734,1255
734,1396
734,1415
735,619
735,1101
735,1399
736,1101
736,1396
737,617
737,1101
737,1395
738,618
738,1100
738,1394
739,617
739,1100
739,1394
740,617
740,1099
740,1393
741,617
741,795
741,1099
741,1392
742,617
742,794
742,1098
742,1391
743,616
743,792
743,1098
743,1391
744,616
744,791
744,1092
744,1243
745,451
745,616
745,790
745,1243
746,451
746,616
746,789
746,1082
746,1090
746,1244
747,451
747,616
747,789
747,1084
747,1244
748,451
748,615
748,788
748,1083
748,1243
749,452
749,615
749,788
749,1083
749,1243
750,452
750,615
750,787
750,1083
750,1244
751,452
751,615
751,787
751,1082
751,1244
752,452
752,614
752,786
752,1082
752,1244
753,452
753,614
753,785
753,1081
753,1244
754,452
754,614
754,787
754,1080
754,1244
755,452
755,614
755,779
755,1078
755,1086
755,1244
756,453
756,769
756,777
756,1079
756,1244
757,452
757,770
757,1078
757,1244
758,453
758,769
758,1077
758,1244
759,453
759,768
759,1076
759,1243
760,453
760,768
760,1075
760,1244
761,454
761,767
761,1073
761,1244
762,767
763,766
764,766
764,919
765,456
765,765
765,920
766,456
766,605
766,764
766,921
767,605
767,763
767,922
768,456
768,606
768,762
768,923
768,1404
769,457
769,606
769,760
769,923
769,1405
770,456
770,607
770,924
770,1244
770,1405
771,457
771,607
771,925
771,1243
771,1404
772,457
772,608
772,925
772,1244
772,1404
773,457
773,608
773,925
773,1244
773,1404
774,457
774,609
774,926
774,1244
774,1404
775,457
775,609
775,925
775,930
775,1076
775,1244
775,1404
776,457
776,609
776,1075
776,1244
776,1404
777,457
777,610
777,933
777,1076
777,1244
777,1404
778,457
778,610
778,937
778,1076
778,1244
778,1403
779,458
779,610
779,939
779,1077
779,1244
779,1404
780,458
780,610
780,939
780,1077
780,1244
780,1404
781,458
781,611
781,939
781,1078
781,1244
781,1403
782,458
782,611
782,940
782,1078
782,1244
782,1403
783,458
783,611
783,940
783,1078
783,1244
783,1403
784,458
784,940
784,1079
784,1244
785,460
785,942
785,1079
785,1243
786,460
786,942
786,1079
786,1244
787,615
787,944
787,1079
787,1244
788,616
788,944
788,1080
789,946
789,1080
790,617
790,1080
791,620
791,1080
792,620
792,1080
792,1402
793,620
793,1080
793,1401
794,620
794,1401
795,621
795,1401
796,621
796,1402
797,621
797,1401
798,621
798,1082
798,1401
799,622
799,1401
800,622
800,1401
801,622
801,757
801,1084
801,1401
802,623
802,757
802,1087
802,1401
803,624
803,756
803,1087
803,1400
804,624
804,757
804,1087
804,1400
805,625
805,758
805,782
805,1087
805,1400
806,626
806,758
806,783
806,1087
806,1400
807,626
807,758
807,783
807,1087
807,1399
808,762
808,783
808,1088
809,759
809,782
809,1087
810,465
810,760
810,784
810,1088
811,467
811,761
811,785
811,1088
812,465
812,786
812,1088
812,1225
813,465
813,787
813,1089
813,1225
814,464
814,786
814,1089
814,1225
815,464
815,787
815,1089
815,1225
816,463
816,784
816,1089
816,1226
817,442
817,461
817,1090
817,1227
817,1246
818,442
818,453
818,462
818,1090
818,1228
818,1248
819,442
819,452
819,462
819,1090
819,1228
819,1237
819,1249
820,443
820,454
820,461
820,1091
820,1230
820,1247
821,441
821,1249
822,440
822,1250
823,440
823,1250
824,439
824,934
824,1251
825,439
825,934
825,1252
826,437
826,913
826,936
826,1252
826,1386
827,436
827,913
827,937
827,1386
828,912
828,936
828,1387
829,912
829,934
829,1389
830,914
830,936
830,1389
831,911
831,935
831,1390
832,911
832,935
832,1391
833,911
833,933
833,1391
834,597
834,912
834,1391
835,598
835,1392
836,596
836,1392
837,597
837,1393
838,598
838,620
838,1393
839,598
839,621
839,1393
840,601
840,621
840,1399
841,600
841,620
841,1061
841,1399
842,600
842,623
842,1062
842,1400
843,600
843,623
843,1062
843,1401
843,1407
844,624
844,1063
844,1408
845,624
845,1064
845,1407
846,623
846,1065
846,1408
847,1065
847,1409
848,1066
848,1409
849,1067
849,1409
850,1070
850,1086
850,1410
851,1066
851,1077
851,1086
851,1411
852,1066
852,1086
852,1411
853,1087
853,1412
854,1088
854,1413
855,751
855,1088
855,1414
856,751
856,1089
856,1414
857,751
857,1089
858,464
858,751
858,1091
859,463
859,752
859,773
859,1091
860,461
860,754
860,774
860,1093
861,460
861,756
861,774
862,460
862,755
862,772
863,459
863,754
863,774
863,1219
864,458
864,777
864,1222
865,458
865,777
865,906
865,1222
866,457
866,778
866,906
866,1223
867,457
867,778
867,907
867,1223
868,456
868,778
868,907
868,1224
869,456
869,908
869,1225
870,455
870,909
870,1226
871,449
871,456
871,909
871,1227
872,448
872,910
872,1227
872,1243
873,439
873,448
873,910
873,1226
873,1235
873,1244
874,441
874,910
874,1243
875,439
875,911
875,1245
876,438
876,911
876,1246
877,439
877,911
877,1246
878,438
878,911
878,1246
879,437
879,912
879,1247
880,437
880,913
880,1248
880,1414
881,436
881,1250
881,1414
882,435
882,1249
882,1413
883,435
883,1059
883,1411
884,434
884,1058
884,1410
885,432
885,617
885,1059
885,1410
886,431
886,618
886,920
886,1060
886,1410
887,616
887,920
887,1061
887,1409
888,616
888,921
888,1061
888,1408
889,615
889,921
889,1062
889,1408
890,614
890,921
890,1063
890,1408
891,614
891,921
891,1063
891,1407
892,613
892,922
892,1064
892,1406
893,595
893,605
893,613
893,922
893,1065
893,1402
893,1407
894,598
894,612
894,923
894,1064
895,596
895,923
895,1065
896,594
896,923
896,1065
896,1392
896,1398
897,594
897,924
897,1065
897,1394
898,593
898,925
898,1066
898,1392
899,593
899,925
899,1065
899,1392
900,591
900,926
900,1066
900,1392
901,592
901,1067
901,1391
902,589
902,1069
902,1391
903,1391
904,1390
905,742
905,1071
905,1389
906,742
906,1071
906,1388
907,743
907,1388
908,744
908,1076
908,1385
909,744
909,1077
909,1242
909,1385
910,746
910,1077
910,1242
911,746
911,1077
911,1241
912,746
912,1077
912,1241
913,459
913,748
913,1077
913,1240
914,458
914,747
914,756
914,766
914,1078
914,1240
915,457
915,748
915,756
915,766
915,1078
915,1240
916,457
916,765
916,1078
916,1239
917,455
917,767
917,1079
917,1238
918,455
918,767
918,1079
918,1238
919,454
919,768
919,1080
919,1238
920,453
920,768
920,1081
920,1237
921,453
921,769
921,925
921,1081
921,1237
922,452
922,770
922,924
922,1082
922,1237
923,452
923,771
923,923
923,1083
923,1236
924,450
924,772
924,922
924,1082
925,433
925,444
925,451
925,595
925,773
925,921
925,1232
926,434
926,443
926,595
926,920
927,434
927,595
927,920
927,1232
928,433
928,595
928,919
929,433
929,595
929,918
929,1229
930,432
930,595
930,918
930,1227
930,1390
931,432
931,595
931,918
931,1228
931,1390
932,431
932,596
932,918
932,1228
932,1392
933,430
933,596
933,917
933,1227
933,1393
934,430
934,596
934,916
934,1227
934,1393
935,429
935,596
935,910
935,1227
935,1394
936,428
936,596
936,1226
936,1394
937,425
937,596
937,900
937,908
937,1226
937,1395
938,424
938,596
938,902
938,1226
938,1395
939,596
939,901
939,1225
939,1395
940,596
940,900
940,1225
940,1395
941,596
941,900
941,1224
941,1396
942,597
942,899
942,1224
942,1396
943,596
943,899
943,1222
943,1396
944,898
944,1222
944,1397
945,897
945,1397
946,897
947,598
947,756
947,896
948,756
948,895
948,1401
949,755
949,894
950,755
950,892
951,598
951,755
951,892
951,1404
952,598
952,754
952,1055
952,1405
953,598
953,754
953,1056
953,1406
954,598
954,753
954,1055
954,1079
954,1406
955,598
955,753
955,1055
955,1079
955,1406
956,599
956,753
956,1055
956,1079
956,1406
957,598
957,753
957,1057
957,1080
957,1407
958,598
958,752
958,1056
958,1078
958,1407
959,599
959,752
959,1056
959,1080
959,1408
960,599
960,752
960,1057
960,1081
960,1408
961,285
961,599
961,752
961,1057
961,1080
961,1227
961,1409
962,284
962,599
962,751
962,1080
962,1227
962,1409
963,285
963,599
963,752
963,1079
963,1228
963,1409
964,285
964,598
964,752
964,1228
964,1410
965,285
965,599
965,1228
965,1411
966,285
966,599
966,1229
966,1412
967,285
967,599
967,1229
968,285
968,599
968,1229
969,285
969,1230
970,286
970,453
970,1230
971,287
971,451
971,745
971,1230
972,287
972,450
972,746
972,1230
973,287
973,450
973,744
973,1230
974,288
974,448
974,745
974,1230
975,288
975,448
975,745
975,1230
976,289
976,447
976,744
976,1230
977,289
977,428
977,447
977,744
978,428
978,444
978,744
979,428
979,437
979,445
979,744
980,428
980,438
980,445
980,743
981,426
981,581
981,743
982,426
982,582
982,743
983,425
983,582
983,743
983,1234
984,425
984,583
984,742
984,1235
985,424
985,584
985,742
985,1235
986,423
986,584
986,741
986,1234
987,423
987,584
987,741
987,1235
988,584
988,740
988,1235
989,278
989,585
989,1235
990,278
990,585
990,1236
991,278
991,585
991,1235
992,278
992,585
992,1236
993,278
993,585
993,1056
993,1236
994,278
994,585
994,1057
994,1236
995,277
995,586
995,1057
995,1237
995,1390
996,277
996,586
996,1058
996,1237
996,1390
997,277
997,1058
997,1236
997,1390
998,277
998,1059
998,1238
998,1391
999,276
999,1060
999,1237
999,1392
1000,277
1000,590
1000,1060
1000,1393
1001,277
1001,1060
1001,1395
1002,277
1002,1060
1002,1394
1002,1402
1003,277
1003,592
1003,1061
1003,1394
1004,277
1004,592
1004,1061
1005,277
1005,593
1005,1062
1006,276
1006,592
1006,1061
1007,593
1007,1062
1008,593
1009,423
1009,593
1010,277
1010,423
1010,594
1010,726
1011,278
1011,423
1011,593
1011,727
1012,423
1012,594
1012,728
1013,423
1013,594
1013,729
1014,424
1014,594
1014,730
1014,1067
1015,276
1015,424
1015,595
1015,730
1015,1069
1016,275
1016,424
1016,596
1016,731
1016,1070
1017,275
1017,425
1017,596
1017,732
1017,1070
1018,275
1018,425
1018,596
1018,732
1018,1070
1019,274
1019,425
1019,734
1019,1070
1020,274
1020,426
1020,735
1020,1070
1021,275
1021,426
1021,733
1021,742
1021,750
1021,1071
1022,274
1022,426
1022,748
1022,1071
1023,274
1023,426
1023,750
1023,1071
1023,1251
1024,274
1024,426
1024,751
1024,1072
1024,1248
1025,274
1025,426
1025,752
1025,1072
1025,1248
1026,274
1026,427
1026,752
1026,1073
1026,1248
1027,274
1027,427
1027,753
1027,1073
1027,1246
1028,274
1028,753
1028,1074
1028,1246
1029,273
1029,754
1029,1074
1029,1245
1030,274
1030,756
1030,1074
1030,1244
1031,274
1031,430
1031,757
1031,1244
1032,273
1032,431
1032,756
1032,1225
1032,1242
1033,431
1033,1224
1033,1234
1033,1243
1034,1227
1034,1243
1035,1223
1036,432
1036,1223
1037,433
1037,597
1037,888
1037,1223
1038,433
1038,596
1038,886
1038,1222
1039,433
1039,595
1039,887
1039,911
1039,1221
1040,433
1040,593
1040,886
1040,912
1040,1220
1041,433
1041,593
1041,886
1041,914
1041,1220
1042,433
1042,592
1042,889
1042,913
1042,1219
1043,282
1043,434
1043,591
1043,901
1043,1217
1044,281
1044,434
1044,591
1044,888
1044,915
1045,280
1045,433
1045,590
1045,888
1045,914
1046,279
1046,434
1046,590
1046,888
1046,914
1047,279
1047,434
1047,589
1047,914
1048,278
1048,434
1048,589
1048,913
1049,278
1049,435
1049,589
1050,277
1050,436
1050,587
1051,276
1051,436
1051,588
1052,276
1052,436
1052,581
1053,276
1053,437
1053,582
1054,275
1054,437
1054,574
1054,581
1055,276
1055,437
1055,574
1056,275
1056,573
1056,1079
1057,274
1057,574
1057,1078
1058,275
1058,573
1058,1077
1059,274
1059,572
1059,1077
1060,274
1060,572
1060,1076
1061,571
1061,1075
1062,571
1062,1075
1063,270
1063,433
1063,571
1063,1074
1064,271
1064,432
1064,570
1064,1057
1064,1071
1065,432
1065,569
1065,1056
1065,1064
1065,1073
1066,268
1066,431
1066,568
1066,1059
1067,265
1067,430
1067,566
1067,1056
1068,264
1068,430
1068,566
1068,1055
1069,264
1069,429
1069,564
1069,1055
1070,264
1070,429
1070,1053
1071,263
1071,429
1071,1053
1072,263
1072,428
1072,1052
1073,263
1073,428
1073,1051
1074,263
1074,428
1075,262
1075,427
1076,262
1076,428
1077,261
1077,427
1078,261
1078,426
1079,260
1079,427
1080,260
1080,426
1081,259
1081,426
1082,259
1083,258
1084,257
1085,423
1088,419
1089,418
1090,417
1090,886
1091,417
1091,886
1092,417
1092,884
1092,910
1093,417
1093,884
1093,911
1094,417
1094,884
1094,911
1095,416
1095,883
1095,911
1096,416
1096,898
1097,416
1097,885
1097,911
1098,254
1098,415
1098,885
1098,913
1099,255
1099,415
1099,561
1099,887
1099,912
1100,256
1100,414
1100,562
1100,888
1100,912
1101,256
1101,414
1101,562
1101,912
1102,256
1102,413
1102,561
1102,910
1103,256
1103,413
1103,563
1104,257
1104,412
1104,564
1104,582
1105,257
1105,412
1105,566
1105,584
1106,257
1106,411
1106,565
1106,581
1107,258
1107,565
1107,583
1108,258
1108,564
1108,586
1109,258
1109,586
1109,1080
1110,259
1110,586
1110,1078
1111,258
1111,587
1111,1078
1112,259
1112,588
1112,1077
1113,259
1113,587
1113,1076
1114,1076
1115,1075
1116,1074
1117,264
1117,1073
1118,1058
1118,1073
1119,1058
1119,1065
1120,264
1120,1058
1121,266
1121,1057
1122,265
1122,720
1122,1057
1123,266
1123,720
1123,1056
1124,266
1124,720
1124,1056
1125,266
1125,721
1125,1055
1126,266
1126,722
1126,742
1126,1054
1127,266
1127,724
1127,744
1127,1053
1128,266
1128,722
1128,740
1128,1052
1129,267
1129,723
1129,745
1130,267
1130,399
1130,723
1130,745
1130,1258
1131,268
1131,399
1131,745
1131,1256
1132,268
1132,400
1132,745
1132,1255
1133,269
1133,400
1133,746
1133,1254
1134,270
1134,401
1134,744
1134,1253
1135,269
1135,401
1135,1253
1136,403
1136,424
1136,1252
1137,405
1137,424
1137,1251
1138,403
1138,415
1138,425
1138,1251
1139,404
1139,424
1139,1232
1139,1249
1140,426
1140,1230
1140,1240
1140,1250
1141,427
1141,1230
1141,1250
1142,427
1142,1231
1143,427
1143,1228
1144,428
1144,1229
1145,428
1145,1228
1146,428
1146,1227
1147,1227
1148,1226
1149,1225
1150,1225
1151,1223
1153,554
1154,554
1155,554
1156,554
1156,580
1157,555
1157,581
1158,556
1158,582
1159,238
1159,560
1159,583
1160,241
1160,556
1160,580
1161,242
1161,557
1161,583
1162,242
1162,556
1162,584
1163,243
1163,557
1163,585
1164,245
1164,584
1164,1084
1165,245
1165,583
1165,1083
1166,245
1166,583
1166,1082
1167,246
1167,744
1167,1082
1168,248
1168,743
1168,1080
1169,246
1169,255
1169,742
1169,1077
1169,1086
1170,256
1170,263
1170,741
1170,1080
1171,260
1171,741
1171,1059
1171,1077
1172,263
1172,740
1172,1062
1172,1079
1173,264
1173,400
1173,739
1173,1060
1173,1078
1174,264
1174,400
1174,739
1174,1058
1174,1078
1175,264
1175,400
1175,738
1175,1057
1176,265
1176,401
1176,738
1176,1056
1177,266
1177,402
1177,738
1177,1055
1178,267
1178,401
1178,737
1178,1055
1179,268
1179,401
1179,736
1179,1055
1180,270
1180,402
1180,732
1180,1054
1181,402
1181,731
1182,403
1183,403
1183,726
1183,1230
1184,403
1184,725
1184,1233
1185,403
1185,724
1185,1234
1186,403
1186,724
1186,1235
1187,404
1187,724
1187,1235
1188,405
1188,723
1188,1237
1189,723
1189,1237
1190,722
1190,1238
1191,408
1191,721
1191,916
1191,1238
1192,407
1192,721
1192,914
1192,1240
1193,720
1193,913
1193,1238
1193,1245
1194,719
1194,912
1194,1253
1195,410
1195,718
1195,911
1195,1252
1196,410
1196,716
1196,910
1196,1254
1197,410
1197,909
1197,1254
1198,410
1198,548
1198,909
1198,1255
1199,410
1199,550
1199,908
1199,1256
1200,410
1200,551
1200,908
1200,1256
1201,242
1201,411
1201,553
1201,907
1201,1257
1202,242
1202,411
1202,553
1202,906
1202,1258
1203,242
1203,412
1203,554
1203,899
1203,907
1203,1259
1204,243
1204,412
1204,555
1204,890
1204,898
1204,1260
1205,243
1205,412
1205,555
1205,891
1206,243
1206,413
1206,556
1206,890
1207,243
1207,413
1207,556
1207,890
1208,243
1208,414
1208,557
1208,889
1209,243
1209,414
1209,557
1209,888
1210,244
1210,558
1210,888
1211,244
1211,557
1211,563
1211,888
1212,244
1212,556
1212,566
1212,886
1213,244
1213,566
1213,728
1213,886
1214,244
1214,566
1214,728
1214,885
1214,1055
1215,244
1215,573
1215,728
1215,884
1215,1058
1216,244
1216,573
1216,729
1216,879
1216,1059
1217,245
1217,574
1217,729
1217,1060
1218,245
1218,574
1218,728
1218,1061
1219,245
1219,575
1219,729
1219,1063
1220,397
1220,575
1220,728
1220,1063
1221,397
1221,575
1221,728
1221,1063
1222,249
1222,397
1222,576
1222,729
1222,1064
1223,248
1223,398
1223,577
1223,729
1223,1064
1224,397
1224,577
1224,729
1224,1066
1225,247
1225,398
1225,579
1225,729
1225,1065
1225,1072
1226,398
1226,580
1226,729
1226,1073
1226,1081
1226,1247
1227,249
1227,398
1227,580
1227,729
1227,1080
1227,1247
1228,248
1228,399
1228,729
1228,1081
1228,1247
1229,248
1229,398
1229,729
1229,1082
1229,1247
1230,249
1230,398
1230,730
1230,1083
1230,1248
1231,249
1231,399
1231,729
1231,1083
1231,1248
1232,249
1232,399
1232,1084
1232,1249
1233,249
1233,399
1233,1085
1233,1249
1234,249
1234,399
1234,730
1234,1085
1234,1249
1235,249
1235,399
1235,1086
1235,1249
1236,249
1236,399
1236,895
1236,1087
1236,1249
1237,250
1237,399
1237,895
1237,1250
1238,249
1238,400
1238,895
1238,1250
1239,251
1239,400
1239,896
1239,1250
1240,251
1240,400
1240,731
1240,896
1240,1250
1241,251
1241,731
1241,896
1241,1251
1242,251
1242,732
1242,897
1242,1250
1243,251
1243,732
1243,897
1243,1251
1244,252
1244,403
1244,732
1244,898
1245,252
1245,732
1245,898
1246,731
1246,898
1247,732
1247,898
1248,732
1248,898
1249,404
1249,732
1249,899
1250,403
1250,732
1250,899
1251,404
1251,732
1251,899
1251,1255
1252,404
1252,732
1252,898
1252,1256
1253,404
1253,733
1253,900
1253,1256
1254,404
1254,733
1254,900
1254,1256
1255,404
1255,733
1255,1256
1256,404
1256,734
1256,1256
1257,405
1257,580
1257,1257
1258,404
1258,578
1258,1256
1259,404
1259,578
1259,1257
1260,405
1260,577
1260,1257
1261,405
1261,577
1261,904
1261,1257
1262,405
1262,576
1262,904
1262,1258
1263,406
1263,575
1263,905
1263,1258
1264,406
1264,574
1264,905
1264,1258
1265,406
1265,554
1265,574
1265,904
1265,1259
1266,406
1266,554
1266,564
1266,574
1266,905
1266,1258
1267,406
1267,556
1267,573
1267,904
1267,1259
1268,407
1268,554
1268,573
1268,726
1268,905
1268,1259
1269,552
1269,726
1269,905
1270,552
1270,727
1270,906
1271,226
1271,551
1271,727
1271,906
1272,225
1272,252
1272,550
1272,727
1272,906
1272,1067
1273,225
1273,252
1273,549
1273,727
1273,906
1273,1065
1274,225
1274,252
1274,549
1274,728
1274,907
1274,1065
1275,226
1275,252
1275,548
1275,728
1275,907
1275,1065
1276,240
1276,548
1276,728
1276,907
1276,1066
1276,1089
1277,227
1277,254
1277,728
1277,908
1277,1067
1277,1089
1278,227
1278,254
1278,728
1278,1069
1278,1089
1279,227
1279,254
1279,728
1279,1067
1279,1078
1279,1090
1280,228
1280,253
1280,729
1280,1068
1280,1090
1281,252
1281,729
1281,1069
1281,1091
1282,251
1282,729
1282,1092
1283,729
1283,1091
1284,729
1284,1092
1285,730
1285,1091
1292,732
1293,387
1293,734
1294,387
1294,734
1294,1248
1295,386
1295,409
1295,734
1295,1247
1296,386
1296,409
1296,734
1296,1247
1297,387
1297,410
1297,734
1297,1247
1297,1273
1298,387
1298,407
1298,734
1298,1247
1298,1273
1299,387
1299,410
1299,734
1299,1250
1299,1274
1300,388
1300,411
1300,734
1300,1249
1300,1271
1301,388
1301,410
1301,735
1301,1250
1301,1275
1302,410
1302,735
1302,1249
1302,1275
1303,408
1303,735
1303,891
1303,1250
1303,1275
1304,736
1304,891
1304,1275
1305,736
1305,890
1305,1275
1306,736
1306,891
1306,1273
1307,737
1307,892
1308,737
1308,892
1308,916
1309,237
1309,737
1309,894
1309,904
1309,916
1310,237
1310,893
1310,904
1310,917
1311,236
1311,894
1311,915
1312,237
1312,894
1312,918
1313,237
1313,895
1313,919
1314,236
1314,919
1315,236
1315,920
1315,1097
1316,236
1316,920
1316,1096
1317,236
1317,920
1317,1096
1318,235
1318,921
1318,1095
1319,236
1319,738
1319,1095
1320,236
1320,738
1320,1094
1321,235
1321,739
1321,1093
1322,235
1322,738
1322,1093
1323,235
1323,738
1323,1092
1324,235
1324,738
1324,1092
1325,235
1325,737
1325,1092
1326,737
1326,1091
1327,737
1327,1091
1328,397
1328,737
1328,1091
1329,236
1329,397
1329,737
1329,1090
1330,397
1330,736
1331,397
1331,736
1331,1086
1332,397
1332,737
1333,397
1333,736
1334,233
1334,396
1334,736
1335,233
1335,396
1335,736
1335,1081
1336,233
1336,396
1336,736
1336,1081
1337,232
1337,396
1337,736
1337,1081
1338,233
1338,397
1338,736
1338,1081
1339,233
1339,396
1339,1080
1340,232
1340,396
1340,1079
1341,232
1341,396
1341,735
1341,1080
1342,232
1342,396
1342,734
1342,1079
1343,232
1343,396
1343,1078
1344,232
1344,396
1344,1078
1345,232
1345,396
1345,1077
1346,231
1346,396
1346,1076
1347,232
1347,397
1347,732
1347,1075
1347,1282
1348,232
1348,732
1348,1075
1348,1260
1348,1285
1349,232
1349,732
1349,1259
1349,1284
1350,231
1350,398
1350,732
1350,1259
1350,1283
1351,397
1351,732
1351,1258
1351,1283
1352,397
1352,732
1352,1269
1353,732
1353,1258
1353,1282
1354,732
1354,897
1354,1258
1354,1283
1355,732
1355,898
1355,1257
1355,1283
1356,396
1356,731
1356,899
1356,1258
1356,1283
1357,396
1357,731
1357,900
1357,1259
1357,1282
1358,395
1358,731
1358,901
1358,1260
1359,396
1359,731
1359,901
1360,396
1360,731
1360,902
1361,395
1361,730
1361,903
1362,396
1362,730
1362,903
1363,395
1363,581
1363,730
1363,906
1364,396
1364,580
1364,730
1364,903
1364,911
1364,920
1365,396
1365,579
1365,730
1365,918
1366,396
1366,579
1366,729
1366,919
1367,396
1367,577
1367,920
1368,396
1368,577
1368,921
1369,395
1369,576
1369,921
1370,396
1370,575
1370,921
1370,1077
1371,396
1371,575
1371,922
1371,1079
1372,395
1372,572
1372,923
1372,1080
1373,396
1373,555
1373,565
1373,574
1373,924
1373,1081
1374,396
1374,555
1374,563
1374,574
1374,925
1374,1082
1375,395
1375,555
1375,1083
1376,553
1376,1083
1377,553
1377,1084
1378,552
1378,1084
1379,551
1379,727
1379,1085
1380,551
1380,728
1380,1085
1381,551
1381,728
1381,1085
1382,549
1382,729
1382,1087
1383,387
1383,549
1383,730
1383,1086
1383,1093
1384,387
1384,548
1384,730
1384,1093
1385,388
1385,547
1385,731
1385,1094
1386,388
1386,732
1386,1095
1386,1101
1387,388
1387,732
1387,1101
1388,389
1388,732
1388,1102
1389,389
1389,732
1389,1103
1390,390
1390,732
1390,1103
1391,390
1391,733
1391,1103
1392,390
1392,733
1392,1104
1393,391
1393,1104
1394,391
1394,738
1394,1105
1395,391
1395,738
1395,914
1395,1106
1396,391
1396,914
1396,1106
1397,391
1397,915
1397,1108
1398,392
1398,742
1398,914
1398,1108
1399,392
1399,743
1399,915
1399,1110
1400,392
1400,744
1400,915
1400,1111
1401,392
1401,744
1401,915
1402,744
1402,915
1403,744
1403,915
1404,397
1404,745
1404,916
1405,396
1405,745
1405,916
1406,396
1406,746
1406,916
1407,396
1407,746
1407,916
1408,746
1408,916
1409,399
1409,748
1409,917
1410,399
1410,748
1410,916
1411,399
1411,750
1411,917
1412,399
1412,749
1412,917
1413,400
1414,400
1414,1097
1415,400
1415,1097
1416,400
1416,585
1416,1098
1417,400
1417,583
1417,1098
1418,401
1418,582
1418,1098
1419,244
1419,401
1419,580
1419,1099
1420,243
1420,401
1420,580
1420,1099
1421,242
1421,402
1421,579
1421,1099
1422,241
1422,402
1422,578
1422,919
1422,1100
1423,240
1423,403
1423,578
1423,920
1423,1100
1424,239
1424,403
1424,577
1424,920
1424,1100
1425,239
1425,404
1425,575
1425,920
1425,1100
1426,238
1426,404
1426,575
1426,920
1426,1100
1427,237
1427,405
1427,558
1427,567
1427,576
1427,920
1427,1100
1428,237
1428,560
1428,575
1428,733
1428,920
1428,1101
1429,237
1429,558
1429,734
1429,920
1429,1101
1430,236
1430,557
1430,734
1430,921
1430,1101
1431,237
1431,556
1431,735
1431,920
1431,1101
1432,236
1432,556
1432,736
1432,921
1432,1100
1433,235
1433,555
1433,735
1433,921
1433,1102
1434,234
1434,554
1434,737
1434,922
1435,232
1435,553
1435,737
1435,922
1436,230
1436,553
1436,737
1436,921
1437,229
1437,552
1437,737
1437,922
1438,551
1438,738
1438,923
1438,1104
1439,223
1439,739
1439,922
1440,223
1440,738
1441,222
1441,739
1442,221
1442,739
1442,1106
1443,222
1443,739
1443,1107
1444,221
1444,739
1444,1107
1445,220
1445,739
1445,1107
1446,220
1446,1108
1447,220
1447,1107
1448,219
1448,744
1448,1107
1449,219
1449,744
1449,1108
1450,218
1450,1107
1451,217
1451,1108
1452,216
1452,1108
1453,216
1453,747
1453,1108
1454,214
1454,408
1454,748
1454,1109
1455,409
1455,748
1455,1109
1456,387
1456,410
1456,748
1456,1109
1457,386
1457,408
1457,749
1457,1109
1458,386
1458,397
1458,409
1458,749
1458,1110
1459,386
1459,407
1459,749
1459,1111
1460,385
1460,408
1460,749
1460,1110
1461,385
1461,408
1461,749
1462,384
1462,406
1462,750
1463,385
1463,751
1463,914
1464,387
1464,751
1464,912
1465,752
1465,913
1466,752
1466,913
1467,752
1467,914
1468,753
1468,914
1468,937
1469,754
1469,918
1469,937
1470,755
1470,916
1470,935
1471,916
1471,938
1472,916
1472,939
1473,916
1473,940
1473,1098
1474,583
1474,940
1474,1099
1475,584
1475,941
1475,1101
1476,585
1476,940
1476,1101
1477,560
1477,587
1477,940
1477,1102
1478,559
1478,585
1478,1104
1479,559
1479,584
1479,1105
1480,571
1480,1105
1481,212
1481,560
1481,583
1481,1105
1482,215
1482,557
1482,584
1482,758
1482,1106
1483,216
1483,556
1483,583
1483,758
1483,1106
1484,216
1484,556
1484,583
1484,757
1484,1107
1485,217
1485,557
1485,582
1485,757
1485,1107
1486,218
1486,557
1486,757
1486,1107
1487,218
1487,558
1487,756
1487,1109
1488,219
1488,756
1488,1107
1489,223
1489,756
1489,1114
1490,219
1490,229
1490,237
1490,755
1491,219
1491,236
1491,755
1491,1116
1492,236
1492,755
1492,1117
1492,1123
1493,238
1493,754
1493,1122
1494,238
1494,754
1494,1123
1495,239
1495,754
1495,1123
1496,240
1496,754
1496,1124
1497,240
1497,754
1497,1125
1498,241
1498,754
1498,1124
1499,242
1499,753
1499,1125
1500,1125
1501,751
1501,934
1501,1126
1502,751
1502,934
1502,1127
1503,933
1503,1127
1504,415
1504,934
1504,1129
1505,414
1505,934
1505,1129
1506,412
1506,748
1506,934
1506,1131
1507,412
1507,748
1507,935
1507,1132
1508,411
1508,747
1508,934
1509,411
1509,747
1509,935
1510,409
1510,747
1510,935
1511,391
1511,409
1511,747
1511,935
1512,390
1512,400
1512,409
1512,747
1512,935
1513,392
1513,408
1513,747
1513,935
1514,389
1514,409
1514,746
1514,935
1515,388
1515,747
1515,935
1516,388
1516,746
1516,935
1517,387
1517,745
1517,935
1518,386
1518,745
1518,936
1519,386
1519,592
1519,745
1520,386
1520,592
1520,744
1521,233
1521,386
1521,591
1521,744
1522,233
1522,589
1522,743
1522,937
1523,234
1523,588
1524,233
1524,588
1525,233
1525,587
1526,233
1526,586
1526,937
1527,232
1527,586
1527,937
1528,232
1528,585
1528,938
1529,231
1529,585
1529,938
1530,231
1530,585
1530,938
1531,231
1531,584
1531,938
1532,231
1532,583
1532,938
1533,231
1533,576
1533,584
1533,938
1534,231
1534,576
1534,939
1535,231
1535,575
1535,770
1535,938
1536,231
1536,570
1536,770
1536,938
1537,231
1537,569
1537,770
1537,938
1538,231
1538,569
1538,768
1538,939
1539,231
1539,568
1539,769
1539,939
1540,567
1540,768
1540,939
1541,567
1541,768
1541,940
1542,566
1542,767
1542,940
1543,230
1543,566
1543,766
1543,939
1544,230
1544,566
1544,766
1545,565
1545,765
1546,564
1546,765
1547,563
1547,765
1548,562
1548,765
1549,228
1549,561
1549,764
1550,228
1550,765
1551,228
1551,764
1552,227
1552,763
1553,227
1554,227
1555,227
1555,759
1556,227
1556,419
1557,227
1557,419
1558,227
1558,417
1558,756
1559,226
1559,417
1559,755
1560,226
1560,416
1560,755
1561,226
1561,415
1561,754
1562,226
1562,415
1562,754
1563,226
1563,415
1563,754
1564,227
1564,412
1564,754
1565,225
1565,395
1565,405
1565,414
1565,753
1566,226
1566,394
1566,403
1566,413
1566,753
1567,226
1567,394
1567,414
1567,753
1567,933
1568,393
1568,752
1568,935
1569,393
1569,752
1569,935
1570,392
1570,751
1570,936
1571,391
1571,751
1571,937
1571,1142
1572,391
1572,751
1572,938
1572,1143
1573,389
1573,749
1573,938
1573,1143
1574,85
1574,389
1574,749
1574,940
1574,957
1574,1142
1575,84
1575,389
1575,748
1575,939
1575,949
1575,957
1575,1142
1576,84
1576,387
1576,939
1576,957
1576,1143
1577,84
1577,958
1577,1142
1578,82
1578,959
1578,1142
1579,959
1579,1142
1580,567
1580,960
1580,1142
1581,569
1581,961
1581,1142
1582,219
1582,568
1582,961
1582,1142
1583,219
1583,569
1583,960
1583,1142
1584,220
1584,570
1584,1142
1585,221
1585,571
1585,595
1585,1142
1586,222
1586,574
1586,594
1586,1142
1587,223
1587,573
1587,585
1587,595
1587,1142
1588,223
1588,572
1588,595
1588,1142
1589,224
1589,572
1589,597
1589,1142
1590,224
1590,573
1590,598
1591,225
1591,598
1592,225
1592,598
1593,225
1593,598
1593,1141
1594,226
1594,598
1595,227
1595,235
1595,598
1597,233
1598,233
1598,1141
1599,1141
1600,238
1600,1140
1601,239
1601,1141
1602,239
1602,1141
1603,239
1603,1141
1604,239
1604,1141
1605,240
1605,1141
1606,240
1606,1141
1607,241
1607,1141
1608,241
1608,1141
1609,242
1609,1141
1610,243
1610,1140
1611,244
1611,1141
1612,246
1612,1140
1613,1140
1614,1140
1615,1141
1620,593
1621,593
1621,946
1622,593
1622,946
1623,593
1623,946
1624,593
1624,946
1624,970
1625,593
1625,947
1625,971
1626,593
1626,950
1626,972
1626,1142
1627,593
1627,948
1627,970
1627,1144
1628,593
1628,949
1628,972
1628,1145
1629,593
1629,948
1629,974
1629,1145
1630,592
1630,949
1630,974
1630,1147
1631,593
1631,975
1631,1147
1632,593
1632,975
1632,1147
1633,593
1633,975
1633,1148
1634,593
1634,973
1634,1149
1635,64
1635,222
1635,592
1635,1149
1636,64
1636,223
1636,1149
1637,64
1637,224
1637,1150
1638,64
1638,224
1638,593
1638,1150
1639,64
1639,226
1639,593
1639,775
1639,1150
1640,64
1640,226
1640,776
1640,1150
1641,64
1641,227
1641,776
1641,1151
1642,64
1642,227
1642,776
1642,1152
1643,63
1643,228
1643,776
1643,1155
1644,63
1644,228
1644,592
1644,777
1644,1156
1645,63
1645,229
1645,591
1645,776
1645,1156
1646,62
1646,229
1646,591
1646,776
1647,63
1647,229
1647,592
1647,777
1647,1158
1648,62
1648,229
1648,591
1648,777
1648,1162
1649,63
1649,229
1649,235
1649,592
1649,778
1649,1162
1650,62
1650,237
1650,591
1650,778
1650,1162
1651,62
1651,591
1651,778
1651,1163
1652,62
1652,238
1652,592
1652,778
1652,1163
1653,242
1653,591
1653,778
1653,1163
1654,243
1654,592
1654,778
1654,1163
1655,243
1655,591
1655,778
1655,1164
1656,244
1656,591
1656,778
1656,1164
1657,244
1657,591
1657,1165
1658,244
1658,591
1658,1165
1659,245
1659,591
1659,781
1659,1166
1660,245
1660,591
1660,780
1660,1166
1661,246
1661,1168
1662,247
1662,1168
1663,247
1663,1169
1664,249
1664,783
1665,54
1665,249
1665,783
1666,54
1666,251
1666,783
1667,55
1667,783
1668,55
1668,783
1669,56
1669,783
1670,56
1670,783
1671,57
1671,784
1672,57
1672,783
1673,57
1673,784
1674,58
1674,784
1675,58
1675,784
1676,58
1676,784
1677,58
1677,785
1678,58
1678,785
1679,59
1679,785
1680,58
1680,785
1681,66
1681,620
1681,786
1682,65
1682,617
1683,616
1684,615
1684,1180
1685,67
1685,71
1685,614
1685,1180
1686,71
1686,614
1686,1180
1687,71
1687,612
1687,1178
1688,71
1688,612
1688,1178
1689,72
1689,610
1689,1178
1690,72
1690,611
1690,1177
1691,72
1691,610
1691,1177
1692,72
1692,610
1692,1177
1693,73
1693,601
1693,611
1693,1177
1694,74
1694,595
1694,1176
1695,74
1695,593
1695,1174
1696,75
1696,593
1696,806
1696,1172
1697,76
1697,592
1697,806
1698,76
1698,593
1698,804
1698,1168
1699,78
1699,230
1699,591
1699,804
1699,1167
1700,79
1700,228
1700,591
1700,803
1700,1166
1701,228
1701,252
1701,590
1701,802
1701,1166
1702,228
1702,254
1702,589
1702,801
1702,1165
1703,228
1703,240
1703,255
1703,589
1703,801
1703,1165
1704,241
1704,587
1704,801
1704,1165
1705,230
1705,255
1705,587
1705,800
1705,1164
1706,229
1706,256
1706,420
1706,800
1706,1163
1707,230
1707,255
1707,420
1707,799
1707,1163
1708,230
1708,255
1708,421
1708,799
1708,1162
1709,255
1709,421
1709,798
1709,1161
1710,254
1710,421
1710,799
1710,1160
1711,421
1711,1158
1712,421
1712,976
1713,421
1713,977
1714,78
1714,422
1714,977
1715,78
1715,422
1715,788
1715,978
1716,78
1716,422
1716,788
1716,979
1717,77
1717,422
1717,787
1717,980
1718,76
1718,422
1718,787
1718,981
1719,76
1719,422
1719,786
1719,981
1720,75
1720,422
1720,786
1720,982
1721,75
1721,422
1721,786
1721,982
1722,74
1722,424
1722,785
1722,982
1723,74
1723,785
1723,982
1724,74
1724,784
1724,983
1725,74
1725,425
1725,783
1725,983
1726,73
1726,782
1726,983
1727,73
1727,621
1727,781
1727,983
1728,73
1728,620
1728,985
1729,73
1729,426
1729,621
1730,73
1730,426
1730,620
1730,989
1731,73
1731,427
1731,619
1731,989
1732,72
1732,426
1732,619
1733,426
1733,618
1733,992
1734,71
1734,427
1734,618
1734,994
1735,70
1735,427
1735,618
1735,995
1736,427
1736,617
1736,995
1737,68
1737,427
1737,617
1737,996
1738,428
1738,617
1738,996
1739,67
1739,428
1739,617
1739,996
1740,66
1740,428
1740,617
1740,996
1741,66
1741,428
1741,617
1741,997
1742,65
1742,236
1742,429
1742,616
1742,998
1743,65
1743,237
1743,429
1743,998
1744,65
1744,237
1744,430
1744,999
1745,65
1745,239
1745,999
1746,65
1746,239
1746,1000
1747,64
1747,240
1747,1001
1748,64
1748,241
1748,1001
1749,64
1749,241
1749,610
1749,1003
1750,63
1750,241
1750,610
1751,63
1751,242
1751,609
1751,824
1752,63
1752,242
1752,610
1752,823
1753,62
1753,242
1753,609
1753,821
1754,62
1754,243
1754,609
1754,820
1755,61
1755,244
1755,609
1755,818
1756,61
1756,608
1756,818
1757,249
1757,608
1757,818
1758,250
1758,608
1758,817
1759,607
1759,817
1760,254
1760,607
1760,816
1761,254
1761,606
1761,816
1762,255
1762,606
1762,815
1763,255
1763,449
1763,606
1763,808
1763,815
1764,255
1764,448
1764,806
1764,816
1765,256
1765,446
1765,799
1766,257
1766,445
1766,800
1766,1022
1767,257
1767,444
1767,798
1767,1021
1768,257
1768,444
1768,798
1768,1020
1769,259
1769,443
1769,798
1769,1019
1770,259
1770,442
1770,797
1770,1018
1771,261
1771,442
1771,796
1771,1018
1772,261
1772,442
1772,796
1772,1016
1773,260
1773,441
1773,795
1773,1016
1774,441
1774,622
1774,794
1774,1015
1775,441
1775,622
1775,794
1775,1015
1776,439
1776,622
1776,792
1776,1014
1777,435
1777,622
1777,790
1777,1014
1778,622
1778,1013
1779,622
1779,1012
1780,429
1780,623
1780,1006
1780,1013
1781,429
1781,623
1781,1005
1782,428
1782,623
1783,428
1783,623
1783,999
1784,427
1784,623
1784,998
1785,427
1785,624
1785,998
1786,427
1786,623
1786,997
1787,426
1787,623
1787,997
1788,425
1788,624
1788,996
1789,425
1789,624
1789,995
1790,424
1790,624
1790,995
1791,423
1791,624
1791,995
1792,422
1792,625
1792,993
1793,421
1793,624
1793,993
1794,992
1795,626
1795,990
1796,989
1798,836
1799,836
1800,834
1801,834
1802,627
1802,834
1803,627
1803,833
1804,627
1804,832
1805,628
1805,832
1806,627
1806,830
1807,627
1807,830
1808,628
1808,829
1809,628
1809,829
1810,628
1810,829
1811,628
1811,829
1811,1028
1812,628
1812,829
1812,1028
1813,629
1813,828
1813,1027
1814,628
1814,1027
1815,629
1815,1028
1816,459
1816,629
1816,821
1816,1027
1817,458
1817,629
1817,1026
1818,457
1818,629
1818,817
1818,1027
1819,456
1819,630
1819,816
1819,1026
1820,456
1820,629
1820,815
1820,1026
1821,88
1821,454
1821,815
1821,1026
1822,87
1822,453
1822,815
1822,1026
1823,87
1823,453
1823,814
1823,1025
1824,86
1824,453
1824,814
1824,1026
1825,86
1825,453
1825,813
1825,1025
1826,86
1826,452
1826,813
1826,1025
1827,85
1827,452
1827,813
1827,1025
1828,85
1828,451
1828,811
1828,1024
1829,85
1829,811
1830,84
1830,810
1830,1023
1831,84
1831,810
1832,84
1832,444
1832,626
1832,807
1833,84
1833,440
1833,626
1833,1022
1834,84
1834,439
1834,628
1835,84
1835,440
1835,628
1836,84
1836,439
1836,629
1836,1020
1837,84
1837,438
1837,630
1837,1021
1838,84
1838,439
1838,630
1838,1021
1839,84
1839,438
1839,631
1839,1021
1840,83
1840,437
1840,631
1840,1020
1841,83
1841,436
1841,632
1841,1020
1842,82
1842,436
1842,632
1842,1020
1843,435
1843,633
1843,1020
1844,434
1844,633
1844,846
1844,1020
1845,633
1845,846
1845,1020
1846,79
1846,634
1846,846
1846,1020
1847,80
1847,637
1847,845
1847,1019
1848,79
1848,845
1848,1018
1849,79
1849,284
1849,845
1849,1019
1850,79
1850,283
1850,640
1850,844
1850,1018
1851,81
1851,281
1851,843
1851,1018
1852,281
1852,645
1852,844
1852,1017
1853,280
1853,646
1853,843
1854,278
1854,646
1854,843
1855,278
1855,646
1855,842
1856,277
1856,646
1856,842
1857,277
1857,647
1857,843
1858,277
1858,647
1858,842
1859,276
1859,647
1859,842
1860,276
1860,648
1860,842
1861,275
1861,649
1861,842
1862,268
1862,275
1862,649
1862,842
1863,267
1863,470
1863,650
1864,470
1864,651
1865,260
1865,469
1865,652
1866,260
1866,468
1866,652
1866,838
1866,1055
1867,258
1867,468
1867,838
1867,1055
1868,258
1868,467
1868,1053
1869,258
1869,467
1869,1053
1870,257
1870,466
1870,836
1870,1052
1871,256
1871,465
1871,836
1871,1051
1872,256
1872,465
1872,835
1872,1051
1873,255
1873,465
1873,835
1873,1050
1874,255
1874,464
1874,835
1874,1050
1875,254
1875,464
1875,835
1875,1050
1876,252
1876,464
1876,834
1876,1049
1877,250
1877,464
1877,834
1877,1048
1878,464
1878,835
1878,1049
1879,463
1879,834
1879,1048
1880,462
1880,834
1880,1047
1881,459
1881,834
1881,1042
1882,459
1882,833
1882,1041
1883,833
1883,1040
1884,833
1884,1036
1885,832
1885,1036
1886,454
1886,832
1886,1036
1887,454
1887,831
1887,1035
1888,453
1888,831
1888,1034
1889,453
1889,1034
1890,452
1890,1034
1891,452
1891,1033
1892,278
1892,452
1892,1032
1893,278
1893,452
1893,1032
1894,278
1894,451
1894,1032
1895,279
1895,451
1895,1031
1896,278
1896,450
1896,1030
1897,278
1897,449
1897,1028
1898,278
1898,450
1898,1028
1899,278
1899,449
1900,278
1900,448
1901,278
1901,447
1901,840
1902,278
1902,842
1903,278
1903,842
1904,278
1904,844
1905,278
1905,844
1906,278
1906,845
1907,278
1907,846
1908,278
1908,846
1909,278
1909,847
1910,279
1910,847
1911,278
1911,848
1911,1052
1912,848
1912,1053
1913,848
1913,1053
1914,849
1914,1053
1915,279
1915,850
1915,1054
1916,856
1916,1054
1917,1054
1918,856
1918,1056
1919,1055
1920,489
1920,860
1920,1056
1921,487
1921,862
1921,1056
1922,486
1922,862
1922,1056
1923,485
1923,863
1923,1057
1924,484
1924,863
1924,1056
1925,483
1925,863
1925,1056
1926,483
1926,864
1926,1057
1927,482
1927,865
1927,1057
1928,482
1928,865
1928,1057
1929,482
1929,865
1930,481
1930,866
1931,480
1931,867
1932,480
1932,663
1932,868
1933,474
1933,480
1933,663
1933,869
1934,472
1934,664
1934,871
1935,472
1935,664
1936,465
1936,470
1936,664
1936,1064
1937,465
1937,665
1937,1064
1938,463
1938,665
1938,1065
1939,464
1939,665
1939,1065
1940,463
1940,666
1940,1065
1941,462
1941,666
1941,1065
1942,462
1942,667
1942,1066
1943,462
1943,667
1943,1066
1944,460
1944,667
1944,1066
1945,460
1945,667
1945,1066
1946,459
1946,667
1946,1066
1947,459
1947,667
1947,1067
1948,458
1948,668
1948,1067
1949,456
1949,1068
1950,1069
1951,1069
1952,1069
1956,674
1957,674
1958,674
1958,857
1959,675
1959,859
1960,675
1960,860
1961,675
1961,861
1962,675
1962,862
1963,675
1963,863
1964,675
1964,863
1964,1069
1965,676
1965,864
1965,1070
1966,676
1966,865
1966,1071
1967,676
1967,865
1967,874
1967,884
1967,1072
1968,678
1968,864
1968,875
1968,883
1968,1072
1969,678
1969,865
1969,882
1969,1073
1970,678
1970,885
1970,1073
1971,884
1971,1074
1972,885
1972,1074
1973,886
1973,1075
1974,887
1974,1075
1975,473
1975,888
1975,1076
1976,474
1976,888
1976,1076
1977,476
1977,888
1977,1076
1978,476
1978,1076
1979,478
1979,684
1979,1077
1980,480
1980,684
1981,482
1981,684
1982,483
1982,685
1983,685
1983,1082
1984,685
1985,685
1986,685
1987,685
1988,686
1989,686
1990,686
1991,686
1992,686
1993,686
1994,686
1995,686
1996,686
1997,687
1998,907
1999,907
2000,905
2001,688
2001,905
2002,688
2002,904
2003,903
2004,903
2005,903
2006,902
2007,689
2007,902
2008,690
2008,901
2009,690
2009,900
2010,690
2010,900
2011,690
2011,900
2012,690
2012,900
2013,691
2013,900
2014,691
2014,899
2015,690
2016,691
2016,894
2017,691
2017,893
2018,691
2019,691
2020,691
2020,889
2021,692
2021,889
2022,692
2022,888
2023,692
2023,888
2024,692
2024,888
2025,693
2025,887
2026,887
2027,887
2028,886
2029,886
2030,885
2031,717
2031,885
2032,717
2032,884
2033,717
2033,883
2034,716
2034,882
2035,715
2035,881
2036,715
2037,715
2038,714
2039,713
2040,713
2041,713
2042,712
2043,712
2044,712
2045,712
2046,711
2046,908
2047,711
2047,909
2048,712
2048,909
2049,711
2049,909
2050,910
2051,910
2052,910
2053,910
2054,911
2055,911
2056,911
2057,912
2058,912
2059,911
2060,911
2061,912
2062,911
2070,916
2071,917
2072,917
2073,917
2074,917
2075,917
2076,917
2077,918
2078,918
2079,918
2080,918
2081,919
2082,919
2083,919
2084,919
2085,920
2098,924
2099,925
2100,925
2101,926
2102,927
2103,927
2104,928
2105,929
2106,929
2107,930
2108,930
2109,930
2110,930
2111,930
2112,931
2113,930
2114,936
2117,937
2118,937
2118,941
2119,940
2120,941
2121,941
2122,941
2123,942
2124,942
2125,942
2126,943
2127,943
2128,944
2129,944
2130,945
2131,946
2132,947
