2160*1622
22,661
23,663
24,664
25,665
26,665
27,665
28,664
34,662
35,662
36,662
37,660
38,660
39,659
40,659
41,658
42,658
43,658
44,658
45,658
46,658
47,657
48,656
49,657
50,656
51,656
52,656
53,655
54,655
55,655
56,704
57,703
58,702
59,702
60,701
61,701
62,700
63,699
64,700
65,699
66,699
67,699
68,698
69,698
70,698
71,697
72,697
76,694
79,690
80,690
81,690
82,690
83,690
84,689
85,689
86,689
87,688
88,688
89,687
90,688
91,687
92,686
93,686
94,685
97,716
98,716
99,717
100,718
101,719
102,719
103,720
104,720
105,721
106,721
107,721
108,721
109,722
110,722
111,722
112,722
113,723
114,724
117,727
118,727
121,732
122,732
122,969
123,732
123,970
124,733
124,972
125,733
125,975
126,733
126,978
127,733
127,979
128,734
129,734
130,734
131,735
132,735
133,736
134,737
135,737
135,991
136,738
136,991
137,738
137,766
137,991
138,766
138,992
139,766
139,992
140,765
140,992
141,766
141,993
142,765
142,993
143,765
143,994
144,765
144,993
145,764
145,993
146,764
146,994
147,764
147,994
148,764
148,994
149,764
149,994
150,764
150,994
151,764
151,995
152,763
152,994
153,763
154,763
155,762
156,996
157,996
160,761
161,760
161,999
162,761
162,999
163,761
163,999
164,759
164,999
165,758
165,999
166,758
166,1000
167,758
167,1000
168,758
168,1000
169,758
169,1000
170,758
170,1000
171,757
171,1000
172,757
172,1000
173,757
173,1001
174,756
174,1001
175,756
175,1001
176,756
176,1001
177,756
177,1001
178,756
178,1002
178,1043
179,755
179,1003
179,1043
180,755
180,1041
181,755
181,1041
182,755
182,1040
183,1040
184,1039
185,1039
186,1039
187,1038
188,1038
189,1037
190,575
190,808
190,1037
191,575
191,808
191,1036
192,573
192,807
192,1036
193,573
193,806
193,1036
194,572
194,805
194,1035
195,571
195,805
196,571
196,804
197,570
197,804
197,1031
198,569
198,803
199,569
199,802
200,568
200,785
200,796
200,803
200,1027
201,567
201,786
201,795
201,1026
202,552
202,561
202,567
202,788
202,1026
203,551
203,560
203,785
203,1026
204,551
204,785
204,1025
205,551
205,785
205,1025
206,551
206,784
206,1025
207,550
207,784
207,1024
208,549
208,783
208,1024
209,549
209,782
209,1024
210,549
210,781
210,1023
211,548
211,779
211,1022
212,547
212,778
212,1022
213,546
213,1021
214,545
214,1021
215,543
215,1020
216,542
216,1019
221,597
222,596
223,596
224,596
224,838
225,595
225,837
226,595
226,836
227,595
227,836
228,595
228,835
229,595
229,834
230,595
230,834
231,595
231,834
231,1304
232,595
232,834
233,595
233,833
233,1305
234,594
234,834
235,595
235,833
235,1309
236,594
236,833
236,1311
237,595
237,833
237,1312
238,594
238,832
238,1312
239,595
239,831
239,1312
240,1312
241,594
241,1312
242,1313
243,828
243,1313
244,593
244,828
244,1313
245,593
245,825
245,1314
246,824
246,1315
247,825
247,1315
248,593
248,825
248,1316
249,592
249,825
249,1317
250,592
250,825
250,1316
251,592
251,824
251,1318
252,592
252,824
252,1318
253,591
253,823
254,592
254,823
255,592
255,823
256,591
256,822
257,591
257,822
258,591
258,821
259,591
259,821
259,1356
260,591
260,820
260,1356
261,591
261,1355
262,591
262,1354
263,591
263,1119
263,1354
264,590
264,1117
264,1353
265,591
265,1116
265,1352
266,591
266,1115
266,1352
267,590
267,1114
267,1351
268,590
268,1113
268,1350
269,1113
269,1350
270,1113
270,1348
271,1112
271,1342
272,1112
272,1337
273,1111
273,1335
274,1111
274,1334
275,1109
275,1333
276,1108
276,1333
277,1102
277,1332
278,1331
279,1094
279,1101
279,1330
280,1095
280,1330
281,1093
281,1329
282,1093
282,1327
283,1093
283,1327
284,1092
284,1324
285,1092
286,1092
287,1090
288,1090
289,1089
290,1088
291,1087
292,1086
293,1083
297,1365
298,1366
299,1367
300,1369
301,1369
302,1369
303,1370
304,1370
305,1371
306,667
306,913
306,1371
307,666
307,913
307,1151
307,1372
308,666
308,911
308,1154
308,1372
309,665
309,910
309,1152
309,1372
310,665
310,909
310,1153
311,665
311,909
311,1152
311,1379
312,664
312,908
312,1151
312,1379
312,1386
313,664
313,907
313,1151
313,1386
314,664
314,907
314,1150
314,1387
315,664
315,907
315,1128
315,1149
315,1387
316,664
316,906
316,1128
316,1148
316,1387
317,664
317,906
317,1128
317,1140
317,1148
317,1388
318,664
318,905
318,1130
318,1148
318,1388
319,664
319,905
319,1127
319,1389
320,664
320,904
320,1127
320,1390
321,663
321,1125
321,1391
322,664
322,900
322,1125
322,1391
323,663
323,1125
323,1392
324,1123
324,1394
325,894
325,1123
326,893
326,1121
327,892
327,1119
328,892
329,662
329,892
330,662
330,891
331,662
331,891
332,660
332,891
333,660
333,890
334,660
334,890
335,659
335,889
336,659
336,888
337,660
337,887
338,659
338,886
339,659
339,886
340,504
340,659
340,885
341,659
342,505
342,659
343,658
343,1405
344,658
344,1404
345,658
345,1403
346,658
346,923
346,1402
346,1426
347,658
347,924
347,1402
347,1427
348,657
348,924
348,1404
348,1427
349,657
349,926
349,1162
349,1405
349,1427
350,926
350,1160
350,1404
350,1426
351,502
351,927
351,1160
351,1406
351,1429
352,505
352,928
352,1159
352,1406
352,1429
353,928
353,1159
353,1428
354,681
354,929
354,1160
354,1185
354,1429
355,682
355,929
355,1160
355,1186
356,684
356,929
356,1163
356,1187
357,506
357,684
357,929
357,1165
357,1186
358,505
358,685
358,930
358,1163
358,1186
359,686
359,930
359,1164
359,1189
360,687
360,931
360,1188
361,510
361,687
361,1189
362,512
362,687
362,1190
363,512
363,688
363,935
363,1190
364,509
364,514
364,688
364,1189
365,509
365,689
365,938
366,509
366,691
366,941
367,508
367,940
368,508
368,697
368,705
368,940
369,702
369,941
369,1444
370,704
370,941
370,1444
371,705
371,941
371,1445
372,705
372,942
372,1446
373,706
373,943
373,1214
373,1447
374,473
374,707
374,943
374,1215
374,1447
375,474
375,707
375,944
375,1214
375,1448
376,474
376,708
376,945
376,1214
376,1448
377,474
377,708
377,946
377,1214
377,1449
378,475
378,710
378,946
378,1213
378,1449
379,475
379,711
379,1213
379,1449
380,475
380,712
380,1213
380,1449
381,475
381,713
381,1213
381,1449
382,1213
382,1449
383,1213
383,1450
384,1213
384,1450
385,1213
386,730
386,1213
387,730
387,1212
388,731
388,1213
389,730
389,1213
390,730
390,1213
391,731
391,1212
391,1458
392,730
392,1458
393,730
393,1458
394,731
394,1458
395,731
395,1459
396,731
396,983
396,1459
397,731
397,983
397,1211
397,1459
398,731
398,960
398,984
398,1459
399,731
399,959
399,985
399,1459
400,731
400,958
400,985
400,1210
400,1461
401,731
401,957
401,985
401,1210
401,1461
402,731
402,958
402,982
402,1210
402,1460
403,731
403,960
403,984
403,1210
403,1462
404,956
404,984
404,1209
404,1462
405,956
405,983
405,1210
405,1462
406,957
406,982
406,1210
407,957
407,1210
408,732
408,959
408,1209
409,1209
410,732
410,1209
411,1209
412,732
412,1209
413,732
413,1209
414,733
414,1209
414,1261
415,732
415,1209
415,1259
416,732
416,1208
416,1259
417,733
417,1208
417,1258
418,732
418,1006
418,1208
418,1258
419,733
419,1007
419,1208
419,1257
420,733
420,1006
420,1257
421,733
421,1006
421,1256
422,733
422,1007
422,1256
423,733
423,1006
423,1255
424,733
424,1006
424,1255
425,733
425,1007
425,1255
426,733
426,1007
426,1254
427,733
427,1007
427,1254
428,733
428,1007
428,1254
429,733
429,1007
429,1253
430,733
430,1007
430,1253
431,1007
431,1251
432,1007
433,1007
434,1007
435,1007
435,1248
436,1007
436,1247
437,1007
437,1246
438,1243
439,1007
439,1243
440,754
440,1244
441,754
441,1243
442,544
442,753
442,1243
443,542
443,752
443,1243
444,542
444,752
444,779
444,1242
444,1521
445,540
445,753
445,779
445,1242
445,1522
446,540
446,754
446,780
446,1007
446,1242
446,1523
447,540
447,756
447,780
447,1007
447,1241
447,1523
448,539
448,755
448,777
448,1008
448,1240
448,1524
449,538
449,756
449,780
449,1008
449,1240
449,1524
450,538
450,756
450,782
450,1008
450,1239
450,1524
451,537
451,782
451,1008
451,1239
451,1525
452,537
452,782
452,1008
452,1238
452,1525
453,521
453,530
453,783
453,1008
453,1237
453,1525
454,522
454,783
454,1008
454,1236
454,1525
455,522
455,783
455,1008
455,1526
456,520
456,1008
456,1526
457,520
457,1008
457,1526
458,519
458,1008
458,1526
459,519
459,1008
459,1047
459,1526
460,518
460,1008
460,1047
460,1527
461,517
461,1008
461,1047
462,517
462,1008
462,1047
463,515
463,1008
463,1047
464,513
464,1008
464,1047
465,1008
465,1047
466,1046
467,1047
467,1531
468,791
468,1046
468,1532
469,793
469,1046
469,1532
470,793
470,1046
470,1532
471,794
471,1046
471,1532
472,794
472,1046
472,1533
473,795
473,1045
473,1532
474,796
474,1045
474,1533
475,796
475,1045
475,1533
476,797
476,1045
476,1534
477,797
477,1534
478,797
478,1534
479,797
479,1535
480,798
480,1535
481,798
481,1535
482,798
482,1535
483,799
483,1536
484,800
485,577
485,1043
486,577
486,1043
487,577
487,1042
488,577
488,804
488,1042
489,577
489,804
489,1043
490,576
490,1042
491,555
491,575
491,808
491,1042
492,554
492,574
492,809
492,1042
492,1313
493,555
493,565
493,574
493,809
493,1042
493,1313
494,556
494,574
494,809
494,1042
494,1314
495,553
495,809
495,1042
495,1315
496,552
496,810
496,1042
496,1316
497,552
497,810
497,1042
497,1317
498,551
498,810
498,1041
498,1317
499,550
499,811
499,1041
499,1317
500,811
500,1041
500,1318
501,812
501,1041
501,1074
501,1318
502,812
502,1041
502,1073
502,1319
503,813
503,1040
503,1074
503,1319
504,813
504,1075
504,1319
505,814
505,844
505,1075
505,1319
506,815
506,844
506,1076
506,1319
507,815
507,844
507,1076
507,1320
508,843
508,1076
508,1322
509,844
509,1077
510,843
510,1077
511,843
511,1077
512,593
512,843
512,1078
512,1324
513,592
513,842
513,1078
514,593
514,842
514,1078
514,1329
515,594
515,842
515,1078
515,1329
516,593
516,842
516,1078
516,1329
517,594
517,842
517,1329
518,595
518,842
518,1329
519,594
519,842
519,1329
520,595
520,842
520,1330
521,595
521,842
521,1330
522,596
522,841
522,1082
522,1330
523,596
523,1084
523,1331
524,596
524,1084
524,1332
525,596
525,1085
525,1332
526,597
526,840
526,1085
526,1333
527,596
527,1086
527,1333
528,597
528,840
528,1086
528,1334
529,598
529,840
529,1086
529,1335
530,599
530,839
530,1086
531,838
531,1086
532,600
532,838
532,1087
532,1347
533,837
533,1088
533,1348
534,838
534,1087
534,1350
535,837
535,1089
535,1351
536,602
536,838
536,1089
536,1351
537,603
537,838
537,1088
537,1352
538,603
538,837
538,1353
539,604
539,837
539,1354
540,604
540,837
540,1354
541,604
541,837
541,1131
541,1354
542,604
542,837
542,1131
542,1354
543,604
543,837
543,1129
543,1356
544,605
544,836
544,879
544,1129
544,1355
545,605
545,836
545,879
545,1127
545,1356
546,605
546,836
546,879
546,1127
546,1356
547,605
547,835
547,879
547,1126
547,1361
548,606
548,835
548,879
548,1126
549,606
549,835
549,879
549,1126
550,606
550,879
550,1125
550,1367
551,607
551,878
551,1125
551,1368
552,608
552,878
552,1124
552,1369
553,608
553,878
553,1124
553,1369
554,609
554,878
554,1124
554,1369
555,878
555,1123
555,1370
556,878
556,1371
557,878
557,1119
557,1371
558,878
558,1118
558,1371
559,878
559,1372
560,878
560,1114
560,1372
561,877
561,1113
561,1374
562,1112
562,1374
563,1112
563,1376
564,1112
564,1376
565,1112
566,1112
567,1111
568,876
568,1110
569,1110
570,875
570,1109
571,875
571,1108
572,876
572,1108
573,875
573,1106
574,875
574,1106
574,1151
575,875
575,1152
576,876
576,1151
577,875
577,1153
578,875
578,1153
579,875
579,1153
579,1412
580,875
580,1153
580,1413
581,875
581,1153
581,1389
581,1414
582,875
582,1154
582,1388
582,1415
583,875
583,915
583,1154
583,1387
583,1414
584,874
584,914
584,1154
584,1387
584,1414
585,874
585,914
585,1154
585,1387
585,1414
586,874
586,914
586,1154
586,1386
586,1412
587,874
587,914
587,1154
587,1385
587,1413
588,915
588,1154
588,1385
588,1413
589,914
589,1154
589,1385
589,1412
590,914
590,1154
590,1386
591,914
591,1154
591,1386
592,914
593,914
594,914
595,914
596,914
597,914
598,914
599,914
600,914
600,1158
601,689
601,1158
602,687
602,1158
603,687
603,1159
604,442
604,686
604,1158
605,441
605,685
605,914
605,1158
606,442
606,685
606,1159
607,441
607,684
607,1159
608,441
608,683
608,1159
608,1423
609,441
609,682
609,913
609,1159
609,1425
610,440
610,681
610,913
610,1159
610,1426
611,439
611,663
611,680
611,914
611,1159
611,1427
612,439
612,663
612,673
612,682
612,914
612,1159
612,1428
613,439
613,664
613,913
613,1159
613,1428
614,438
614,662
614,914
614,1160
614,1429
615,438
615,661
615,913
615,1160
615,1429
616,436
616,661
616,913
616,1160
616,1430
617,660
617,913
617,1161
617,1431
618,433
618,660
618,913
618,1431
619,433
619,658
619,913
619,1431
620,427
620,658
620,913
620,1432
621,427
621,658
621,913
621,1431
621,1437
622,426
622,655
622,913
623,426
623,913
623,964
624,425
624,913
624,963
624,1439
624,1446
625,425
625,913
625,962
625,1446
626,425
626,913
626,961
626,1182
626,1447
627,424
627,961
627,1181
627,1447
628,423
628,708
628,960
628,1181
628,1447
629,422
629,708
629,959
629,1181
629,1448
630,422
630,709
630,959
630,1182
630,1204
630,1448
631,421
631,708
631,959
631,1183
631,1205
631,1449
632,420
632,708
632,958
632,1184
632,1205
632,1449
633,420
633,708
633,958
633,1187
633,1206
633,1450
634,708
634,958
634,1185
634,1205
634,1451
635,709
635,958
635,1185
635,1207
635,1451
636,709
636,957
636,1207
636,1453
637,708
637,957
637,1208
637,1454
638,708
638,957
638,1208
639,709
639,956
639,1209
640,709
641,708
642,709
642,951
643,709
643,951
644,709
644,951
644,1463
645,709
645,950
645,1465
646,483
646,489
646,709
646,946
646,1467
647,481
647,490
647,945
647,1467
648,480
648,490
648,946
648,1469
649,481
649,945
649,1469
650,480
650,945
650,1469
651,481
651,710
651,945
651,1470
652,480
652,944
652,1471
653,479
653,710
653,944
653,1471
654,479
654,709
654,944
654,1471
655,478
655,710
655,943
655,1472
656,477
656,710
656,943
656,1472
657,459
657,470
657,478
657,710
657,942
658,460
658,469
658,710
658,941
659,462
659,710
659,941
659,1478
660,460
660,710
660,940
660,1479
661,458
661,710
661,939
661,1486
662,458
662,710
662,938
662,1485
663,458
663,710
663,1485
664,457
664,710
664,1486
665,456
665,710
665,1221
665,1246
665,1486
666,456
666,710
666,1221
666,1246
666,1487
667,454
667,710
667,1220
667,1247
667,1487
668,454
668,710
668,1220
668,1248
668,1488
669,453
669,710
669,742
669,1218
669,1248
669,1488
670,450
670,710
670,742
670,1233
670,1489
671,710
671,742
671,1233
671,1490
672,710
672,742
672,1217
672,1247
672,1490
673,711
673,743
673,1218
673,1246
673,1492
674,532
674,710
674,743
674,1219
674,1245
674,1493
675,743
675,977
675,1219
675,1243
676,744
676,976
677,557
677,743
677,976
677,1000
678,744
678,976
678,1000
679,744
679,976
679,1001
680,744
680,978
680,1001
681,744
681,978
681,1000
682,492
682,744
682,978
682,1002
683,493
683,744
683,980
683,1002
684,495
684,745
684,1002
685,495
685,744
685,1002
686,496
687,497
688,497
689,498
689,746
690,498
690,746
691,499
692,499
693,499
693,748
694,500
694,748
695,500
695,749
696,505
696,749
697,505
697,569
697,748
698,571
698,749
699,510
699,572
699,749
699,1286
700,511
700,749
700,1284
701,512
701,749
701,1284
702,511
702,750
702,1283
703,512
703,750
703,1282
704,512
704,750
704,1282
705,513
705,750
705,1281
706,513
706,751
706,1265
706,1280
707,514
707,751
707,1263
707,1273
707,1280
708,515
708,751
708,1012
708,1265
708,1280
709,516
709,751
709,1014
709,1263
710,517
710,751
710,774
710,1015
710,1262
711,518
711,774
711,1016
711,1261
712,775
712,1017
712,1260
713,776
713,1017
713,1260
714,776
714,1018
714,1259
715,549
715,777
715,1019
715,1258
716,549
716,777
716,1019
717,549
717,778
717,1022
718,548
718,778
718,1019
718,1026
718,1035
719,548
719,779
719,1034
720,547
720,779
720,1035
721,547
721,779
721,1037
722,546
722,779
722,1037
723,546
723,779
723,1037
724,546
724,780
724,1038
725,546
725,1039
726,546
726,1040
727,546
727,1040
728,545
728,1043
729,545
730,545
731,545
731,787
732,544
732,788
733,789
734,789
735,789
736,789
737,543
737,790
738,544
738,790
738,1298
739,540
739,790
739,1298
740,539
740,790
740,1297
741,539
741,791
741,1298
741,1319
742,539
742,792
742,1298
742,1321
743,538
743,792
743,1299
743,1321
744,538
744,793
744,1302
744,1321
745,538
745,794
745,1300
745,1321
746,538
746,1300
746,1323
747,538
747,1301
747,1323
748,538
748,1323
749,537
749,1324
750,537
750,1075
750,1080
750,1322
751,537
751,1078
752,537
752,1057
752,1078
753,536
753,839
753,1056
753,1078
754,536
754,836
754,1055
754,1077
755,535
755,835
755,1054
755,1075
756,535
756,834
756,1056
756,1075
757,833
757,1053
757,1076
758,833
758,1053
758,1075
759,832
759,1053
760,831
760,1054
761,831
762,830
763,829
764,829
765,823
765,829
766,814
766,821
767,814
768,565
768,813
768,1334
769,566
769,813
769,1335
770,565
770,812
770,1336
771,565
771,590
771,812
771,1337
772,565
772,590
772,811
772,1338
773,566
773,591
773,810
773,1339
774,568
774,590
774,810
774,1340
775,567
775,590
775,809
775,1340
776,567
776,591
776,808
776,1340
777,568
777,593
777,807
777,1341
778,593
778,804
778,1341
779,594
779,1343
780,593
780,1342
781,592
781,1350
781,1358
782,1357
783,1357
784,343
784,1359
785,344
785,1360
786,344
786,1360
787,345
787,1361
788,345
788,1361
789,345
789,1362
790,346
790,1363
791,347
791,1364
792,347
792,1365
793,348
793,844
793,1367
794,348
794,845
794,1368
795,350
795,845
796,350
796,846
797,351
797,847
798,847
799,849
800,366
800,849
801,366
801,850
802,367
802,852
802,871
803,367
803,854
803,870
804,368
804,861
804,870
805,368
805,870
806,369
806,871
807,369
807,871
808,369
808,871
809,369
809,872
809,1154
809,1403
810,370
810,873
810,1154
810,1402
811,370
811,874
811,1154
811,1402
812,370
812,875
812,1153
812,1401
813,371
813,876
813,1152
813,1401
814,371
814,1151
814,1400
815,370
815,1151
815,1398
816,371
816,1150
816,1381
816,1397
817,372
817,1150
817,1380
817,1388
817,1399
818,1150
818,1380
818,1398
819,889
819,1149
819,1379
820,889
820,1149
820,1379
821,375
821,890
821,1149
821,1378
822,376
822,890
822,1149
822,1377
823,376
823,890
823,1149
823,1376
824,891
824,1148
824,1375
825,377
825,892
825,1148
826,378
826,892
826,1148
827,378
827,892
828,378
828,893
829,379
829,893
829,1143
830,379
830,656
830,893
831,379
831,657
831,894
831,1142
832,379
832,657
832,894
833,379
833,656
833,894
833,1138
834,380
834,656
834,894
834,1139
834,1418
835,381
835,656
835,894
835,1138
835,1418
836,380
836,656
836,894
836,1138
836,1419
837,381
837,656
837,1137
837,1420
838,382
838,410
838,656
838,1137
838,1421
839,381
839,411
839,656
839,1137
839,1421
840,383
840,411
840,656
840,1137
840,1422
841,383
841,411
841,656
841,898
841,1136
841,1423
842,411
842,656
842,1136
842,1423
843,411
843,656
843,1136
843,1423
844,411
844,656
844,900
844,1135
844,1423
845,411
845,655
845,902
845,1135
845,1424
846,411
846,655
846,903
846,1134
846,1424
847,411
847,655
847,903
847,1133
847,1424
848,411
848,903
848,1132
848,1424
849,411
849,903
849,1132
849,1197
849,1425
850,411
850,903
850,1131
850,1196
851,411
851,655
851,903
851,1195
852,411
852,655
852,904
852,1194
852,1429
853,411
853,904
853,1193
854,411
854,905
854,1192
855,411
855,654
855,905
855,1192
856,653
856,905
856,1191
856,1433
857,653
857,906
857,1191
857,1435
858,653
858,906
858,1191
858,1435
859,653
859,906
859,1190
859,1434
860,413
860,653
860,907
860,1190
860,1435
861,653
861,907
861,1189
861,1435
862,653
862,907
862,1189
862,1436
863,653
863,1189
863,1436
864,412
864,653
864,1437
865,412
865,652
865,1183
865,1437
866,412
866,652
866,1437
867,412
867,652
867,1182
867,1438
868,412
868,652
868,1177
868,1439
869,412
869,652
869,1176
869,1439
870,412
870,652
870,1175
870,1440
871,412
871,652
871,949
871,1176
871,1440
872,412
872,950
872,1175
872,1441
873,413
873,925
873,951
873,1174
874,412
874,676
874,924
874,952
874,1174
875,412
875,677
875,924
875,952
875,1174
876,413
876,679
876,923
876,951
876,1173
877,412
877,679
877,924
877,949
877,1173
878,413
878,680
878,926
878,952
878,1172
879,413
879,681
879,922
879,950
879,1171
880,413
880,682
880,922
880,950
880,1170
881,413
881,682
881,922
881,948
881,1169
882,683
882,923
882,948
882,1168
883,683
883,924
883,1230
884,684
884,1229
885,684
885,1229
886,685
886,1228
887,684
887,692
887,1228
888,692
888,1227
889,692
889,701
889,1228
890,699
890,1227
891,436
891,701
891,1227
892,436
892,701
892,1227
893,436
893,702
893,1226
894,437
894,702
894,1226
895,438
895,702
895,1226
896,439
896,459
896,703
896,1226
897,441
897,459
897,704
897,1226
898,439
898,450
898,460
898,704
898,1225
899,440
899,460
899,705
900,461
900,706
901,461
901,707
902,462
902,709
903,463
903,710
904,462
905,1220
906,1219
907,1219
908,747
908,1219
909,745
909,1219
910,744
910,966
910,987
910,1219
911,744
911,964
911,988
911,1218
912,743
912,964
912,989
912,1218
913,742
913,964
913,989
913,1218
914,741
914,976
914,1217
915,740
915,963
915,988
915,1218
916,740
916,963
916,989
916,1217
917,739
917,963
917,988
917,1216
918,739
918,964
918,988
918,1216
919,739
919,966
919,1215
920,738
920,1215
921,738
922,738
922,1275
923,504
923,737
923,1273
924,503
924,1273
925,501
925,1273
926,500
926,731
926,1271
927,499
927,730
927,1271
928,498
928,724
928,1271
929,498
929,723
929,1270
930,498
930,724
930,1269
931,497
931,723
931,1269
932,496
932,723
932,1268
933,496
933,723
933,1268
934,495
934,722
934,1268
935,489
935,495
935,722
935,1267
936,480
936,487
936,721
936,1263
937,479
937,485
937,721
938,478
938,720
939,478
939,719
940,477
940,718
940,1257
941,477
941,717
941,768
941,1255
942,477
942,717
942,768
942,1255
943,476
943,716
943,769
943,1256
944,475
944,769
944,1255
945,475
945,768
945,1255
946,473
946,768
946,1005
946,1028
946,1254
947,473
947,769
947,1003
947,1027
947,1254
948,471
948,769
948,1003
948,1028
948,1253
949,470
949,769
949,1002
949,1029
949,1252
950,769
950,1001
950,1016
950,1029
950,1252
951,769
951,1015
951,1250
952,769
952,1001
952,1029
952,1250
953,769
953,1001
953,1028
953,1249
954,769
954,1001
954,1028
954,1312
955,769
955,1003
955,1026
955,1311
956,769
956,1003
956,1310
957,769
957,1310
958,769
958,1310
959,1309
960,1309
961,1308
962,1308
963,1308
964,541
964,1307
965,534
965,543
965,1307
966,534
966,544
966,1065
966,1307
967,532
967,543
967,770
967,1065
967,1306
968,533
968,542
968,770
968,1065
968,1307
969,532
969,542
969,770
969,1063
969,1306
970,532
970,542
970,770
970,1063
971,532
971,770
971,1063
972,531
972,770
972,1062
973,279
973,516
973,526
973,532
973,770
973,1062
974,279
974,519
974,534
974,770
974,1061
975,279
975,517
975,770
975,1061
976,279
976,509
976,517
976,770
976,1060
977,279
977,509
977,517
977,770
977,1060
977,1297
978,278
978,509
978,518
978,771
978,1060
978,1297
979,278
979,508
979,518
979,771
979,1060
979,1297
980,278
980,513
980,771
980,800
980,1060
980,1297
981,511
981,771
981,801
981,1060
981,1297
982,282
982,511
982,771
982,802
982,1059
982,1297
983,283
983,771
983,801
983,1059
983,1297
984,284
984,771
984,802
984,1057
984,1297
985,770
985,803
985,1296
986,287
986,803
986,1295
987,289
987,803
987,1055
987,1294
988,288
988,804
988,1294
989,289
989,804
989,1293
990,289
990,804
990,1052
990,1293
991,290
991,805
991,1050
991,1292
992,289
992,804
992,1050
992,1292
993,290
993,805
993,1050
993,1291
994,291
994,805
994,1050
995,291
995,806
995,1049
996,291
996,806
996,1049
997,293
997,807
997,1049
998,293
998,1049
999,294
999,1048
1000,295
1000,1048
1000,1099
1001,296
1001,578
1001,1048
1001,1098
1002,577
1002,1047
1002,1098
1002,1330
1003,576
1003,812
1003,1046
1003,1098
1003,1329
1004,575
1004,812
1004,1046
1004,1098
1004,1329
1005,575
1005,813
1005,1045
1005,1098
1005,1329
1006,334
1006,574
1006,813
1006,1044
1006,1097
1006,1330
1006,1352
1007,333
1007,573
1007,813
1007,1044
1007,1097
1007,1330
1007,1353
1008,332
1008,573
1008,813
1008,1044
1008,1097
1008,1334
1008,1352
1009,331
1009,571
1009,813
1009,1097
1009,1332
1009,1351
1010,330
1010,555
1010,565
1010,572
1010,813
1010,1097
1010,1332
1010,1353
1011,329
1011,555
1011,564
1011,572
1011,814
1011,1096
1011,1333
1011,1354
1012,329
1012,556
1012,814
1012,1097
1012,1355
1013,328
1013,555
1013,815
1013,1097
1013,1355
1014,328
1014,554
1014,815
1014,1097
1014,1355
1015,328
1015,553
1015,815
1015,855
1015,1097
1015,1351
1015,1356
1016,327
1016,553
1016,816
1016,855
1016,1096
1017,327
1017,552
1017,816
1017,854
1017,1096
1018,326
1018,551
1018,817
1018,853
1018,1096
1019,326
1019,550
1019,854
1019,1096
1020,320
1020,549
1020,853
1021,321
1021,852
1022,320
1022,852
1023,314
1023,852
1024,313
1024,852
1024,1372
1025,312
1025,852
1025,1372
1026,312
1026,851
1026,1373
1027,312
1027,851
1027,1093
1027,1374
1028,311
1028,851
1028,1093
1028,1374
1029,311
1029,851
1029,1093
1029,1375
1030,311
1030,851
1030,1093
1030,1376
1031,310
1031,851
1031,1093
1031,1376
1032,309
1032,851
1032,1092
1032,1376
1033,308
1033,619
1033,1092
1033,1377
1034,307
1034,617
1034,1093
1034,1377
1035,306
1035,616
1035,1093
1035,1377
1036,615
1036,1093
1036,1377
1037,614
1037,1093
1037,1378
1038,614
1038,1092
1038,1131
1038,1378
1039,612
1039,1091
1039,1131
1039,1378
1040,612
1040,845
1040,1091
1040,1131
1040,1378
1041,611
1041,845
1041,1091
1041,1131
1042,611
1042,844
1042,1091
1042,1131
1043,373
1043,611
1043,845
1043,1091
1043,1131
1044,372
1044,610
1044,844
1044,1091
1044,1132
1044,1382
1045,371
1045,610
1045,844
1045,1090
1045,1132
1046,369
1046,604
1046,610
1046,844
1046,1090
1046,1132
1047,369
1047,603
1047,844
1047,1133
1047,1386
1048,368
1048,602
1048,844
1048,1133
1048,1386
1049,367
1049,594
1049,601
1049,844
1049,1133
1049,1386
1050,367
1050,595
1050,843
1050,1133
1050,1385
1051,366
1051,595
1051,843
1051,895
1051,1133
1051,1385
1052,366
1052,594
1052,843
1052,896
1052,1133
1052,1385
1053,366
1053,593
1053,843
1053,895
1053,1133
1053,1385
1054,365
1054,593
1054,842
1054,895
1054,1133
1054,1385
1055,365
1055,592
1055,841
1055,894
1055,1385
1056,364
1056,592
1056,841
1056,893
1057,592
1057,840
1057,893
1058,359
1058,591
1058,893
1058,1134
1059,359
1059,590
1059,892
1060,350
1060,356
1060,588
1060,892
1061,351
1061,588
1061,892
1062,351
1062,586
1062,892
1062,1136
1063,350
1063,585
1063,891
1063,1136
1064,350
1064,891
1064,1137
1065,350
1065,891
1065,1137
1066,349
1066,891
1066,1136
1067,349
1067,891
1067,1136
1068,348
1068,891
1068,1137
1069,347
1069,1136
1070,347
1070,1137
1071,346
1071,1137
1072,345
1072,887
1072,1137
1073,343
1073,1137
1074,343
1074,1138
1075,343
1075,1138
1076,626
1076,885
1076,1138
1077,626
1077,884
1077,1139
1078,626
1078,884
1078,1138
1079,627
1079,884
1080,627
1080,883
1081,380
1081,628
1081,883
1082,381
1082,629
1082,652
1082,884
1083,383
1083,631
1083,652
1083,883
1084,383
1084,633
1084,653
1084,883
1085,384
1085,630
1085,650
1085,883
1086,384
1086,631
1086,653
1086,882
1087,386
1087,654
1087,881
1088,386
1088,655
1088,882
1089,387
1089,655
1089,881
1090,387
1090,656
1090,880
1091,387
1091,656
1091,880
1092,388
1092,657
1092,880
1093,388
1093,658
1094,388
1094,394
1095,388
1095,397
1096,398
1097,397
1098,403
1099,404
1100,404
1101,405
1102,406
1103,406
1103,916
1103,939
1104,406
1104,916
1104,939
1105,407
1105,915
1105,940
1106,408
1106,914
1106,941
1107,409
1107,915
1107,939
1108,410
1108,927
1109,412
1109,914
1109,941
1110,412
1110,914
1110,940
1111,915
1111,939
1112,666
1112,915
1112,938
1113,666
1114,666
1115,667
1116,668
1116,1230
1117,669
1117,1230
1118,669
1118,1228
1119,670
1119,1227
1120,673
1120,691
1120,1226
1121,670
1121,681
1121,690
1121,1226
1122,671
1122,690
1122,1226
1123,691
1123,1225
1124,692
1124,1224
1125,693
1125,1224
1126,421
1126,693
1126,1223
1127,422
1127,694
1127,1222
1128,422
1128,695
1128,1216
1129,422
1129,695
1129,1215
1130,423
1130,692
1130,697
1130,1209
1131,424
1131,444
1131,1208
1132,427
1132,446
1132,1207
1133,425
1133,436
1133,445
1133,1207
1134,425
1134,446
1134,1206
1135,425
1135,447
1135,1206
1136,448
1136,1205
1137,448
1137,1204
1138,449
1138,1203
1139,448
1139,1203
1140,448
1140,1202
1141,1201
1142,1199
1146,704
1147,706
1148,707
1149,708
1150,709
1151,710
1152,710
1153,458
1153,711
1154,460
1154,711
1155,459
1155,713
1156,461
1156,714
1156,1243
1157,462
1157,712
1157,721
1157,727
1157,1242
1158,463
1158,728
1158,1004
1158,1241
1159,463
1159,728
1159,1005
1159,1242
1160,465
1160,729
1160,1005
1160,1242
1160,1266
1161,465
1161,729
1161,1005
1161,1242
1161,1267
1162,465
1162,730
1162,1005
1162,1245
1162,1268
1163,466
1163,731
1163,1006
1163,1247
1163,1267
1164,466
1164,731
1164,1006
1164,1244
1164,1266
1165,466
1165,732
1165,1006
1165,1245
1165,1269
1166,467
1166,733
1166,1006
1166,1246
1166,1269
1167,467
1167,733
1167,1006
1167,1270
1168,467
1168,473
1168,1006
1168,1270
1169,475
1169,1006
1169,1270
1170,475
1170,1007
1170,1270
1171,475
1171,1007
1172,479
1172,762
1172,1006
1173,481
1173,762
1173,1006
1174,242
1174,481
1174,761
1174,1007
1175,243
1175,482
1175,761
1176,243
1176,482
1176,761
1177,242
1177,483
1177,761
1177,1299
1178,242
1178,483
1178,761
1178,1299
1179,219
1179,241
1179,483
1179,761
1179,1299
1180,218
1180,240
1180,484
1180,761
1180,1299
1181,228
1181,485
1181,761
1181,1299
1182,218
1182,239
1182,485
1182,761
1182,1008
1182,1299
1183,217
1183,239
1183,486
1183,761
1183,1009
1183,1299
1184,217
1184,487
1184,760
1184,1009
1184,1299
1185,217
1185,489
1185,761
1185,1009
1185,1299
1186,216
1186,489
1186,761
1186,1009
1186,1299
1187,215
1187,761
1187,1009
1187,1298
1188,217
1188,761
1188,1009
1188,1298
1189,1009
1189,1298
1190,1010
1190,1298
1191,1010
1191,1298
1192,1009
1192,1298
1193,760
1193,1009
1193,1298
1194,1010
1195,530
1195,1010
1196,529
1196,759
1196,1010
1197,527
1197,759
1197,1010
1197,1297
1198,527
1198,759
1198,1010
1198,1296
1199,527
1199,759
1200,525
1200,759
1200,1296
1201,525
1201,759
1202,525
1202,759
1202,1296
1203,524
1203,759
1203,1296
1204,523
1204,759
1204,1296
1205,505
1205,523
1205,759
1205,1296
1206,251
1206,504
1206,513
1206,524
1206,759
1206,1034
1206,1296
1207,253
1207,505
1207,759
1207,1034
1207,1296
1208,255
1208,504
1208,759
1208,1034
1208,1296
1209,255
1209,503
1209,759
1209,809
1209,1034
1209,1297
1210,256
1210,502
1210,758
1210,809
1210,1034
1210,1296
1211,257
1211,501
1211,759
1211,808
1211,1036
1211,1057
1211,1296
1212,257
1212,500
1212,759
1212,808
1212,1036
1212,1058
1212,1296
1213,258
1213,500
1213,758
1213,807
1213,1040
1213,1059
1213,1296
1214,259
1214,499
1214,758
1214,806
1214,1037
1214,1056
1214,1296
1215,259
1215,498
1215,806
1215,1038
1215,1059
1215,1296
1216,260
1216,497
1216,805
1216,1038
1216,1060
1216,1295
1217,260
1217,269
1217,495
1217,806
1217,1061
1217,1295
1218,269
1218,276
1218,805
1218,1062
1218,1295
1219,275
1219,805
1219,1062
1219,1295
1220,276
1220,805
1220,1063
1221,276
1221,805
1221,1062
1222,278
1222,805
1223,278
1223,804
1223,1323
1224,279
1224,804
1224,1324
1225,279
1225,541
1225,804
1225,1324
1226,280
1226,540
1226,1324
1227,281
1227,542
1227,1324
1228,282
1228,542
1228,1325
1229,283
1229,543
1229,1325
1230,544
1230,1325
1231,300
1231,544
1231,1326
1232,301
1232,545
1232,796
1232,1073
1232,1326
1233,301
1233,545
1233,796
1233,1075
1233,1327
1234,301
1234,546
1234,796
1234,1075
1235,301
1235,546
1235,795
1235,1076
1236,302
1236,546
1236,796
1236,1077
1237,302
1237,547
1237,795
1237,1078
1238,302
1238,547
1238,795
1238,1078
1239,303
1239,548
1239,795
1239,1079
1240,302
1240,794
1240,1080
1241,302
1241,552
1241,794
1241,1081
1242,303
1242,553
1242,794
1242,1081
1243,303
1243,793
1243,1081
1244,304
1244,793
1244,1081
1245,303
1245,557
1245,792
1245,1082
1246,303
1246,559
1246,791
1246,1082
1247,303
1247,558
1247,791
1247,1088
1248,304
1248,558
1248,791
1248,1088
1249,304
1249,559
1249,1088
1250,304
1250,559
1251,559
1251,1094
1252,560
1252,1096
1253,560
1253,1096
1254,309
1254,561
1254,595
1254,1097
1255,562
1255,595
1255,1097
1256,563
1256,595
1256,1098
1257,307
1257,564
1257,595
1257,1098
1258,564
1258,594
1258,853
1258,1098
1259,309
1259,566
1259,595
1259,854
1259,1099
1260,310
1260,595
1260,854
1260,1100
1261,309
1261,594
1261,831
1261,853
1261,1100
1262,309
1262,594
1262,829
1262,853
1262,1102
1263,310
1263,593
1263,830
1263,852
1263,1102
1264,310
1264,594
1264,830
1264,852
1264,1104
1264,1137
1265,309
1265,594
1265,828
1265,851
1265,1137
1266,310
1266,594
1266,828
1266,851
1266,1137
1267,310
1267,594
1267,827
1267,850
1267,1136
1268,310
1268,594
1268,827
1268,1135
1269,310
1269,594
1269,828
1269,1136
1270,310
1270,593
1270,828
1270,1135
1271,311
1271,593
1271,1135
1272,311
1272,594
1272,1134
1273,312
1273,594
1273,1134
1274,312
1274,1134
1275,312
1275,1134
1276,313
1276,1133
1277,314
1277,593
1277,1134
1278,593
1278,1134
1279,1132
1283,591
1284,592
1285,591
1286,591
1287,591
1287,1126
1288,591
1288,1126
1289,591
1289,895
1289,1127
1290,591
1290,897
1290,1126
1291,591
1291,896
1291,1126
1292,591
1292,629
1292,896
1292,1125
1293,591
1293,629
1293,895
1293,1125
1294,591
1294,630
1294,894
1294,1125
1295,591
1295,629
1295,893
1295,1125
1296,591
1296,629
1296,892
1296,1125
1297,591
1297,630
1297,891
1297,1124
1298,590
1298,630
1298,871
1298,889
1298,1124
1298,1165
1299,590
1299,630
1299,871
1299,880
1299,891
1299,1123
1299,1166
1300,590
1300,630
1300,871
1300,891
1300,1122
1300,1166
1301,590
1301,630
1301,870
1301,1122
1301,1166
1302,590
1302,630
1302,869
1302,1166
1303,630
1303,868
1303,1167
1304,631
1304,868
1304,1167
1305,630
1305,867
1305,1167
1306,630
1306,866
1306,1168
1307,631
1307,866
1307,1168
1308,387
1308,631
1308,865
1308,1168
1309,386
1309,631
1309,1168
1310,387
1310,631
1310,1169
1311,387
1311,1168
1312,387
1312,1168
1313,386
1313,633
1313,1169
1314,386
1315,386
1316,386
1317,386
1318,386
1318,634
1319,385
1319,635
1320,386
1320,634
1321,386
1321,634
1321,1173
1322,386
1322,634
1322,1174
1323,386
1323,634
1323,1174
1324,635
1324,1174
1325,635
1325,1174
1326,635
1326,1174
1327,387
1327,635
1327,934
1327,1175
1328,635
1328,934
1328,1175
1329,636
1329,936
1329,1175
1330,635
1330,910
1330,935
1330,1175
1331,385
1331,635
1331,911
1331,935
1331,1175
1332,384
1332,636
1332,910
1332,934
1332,1176
1332,1206
1333,385
1333,636
1333,657
1333,909
1333,931
1333,1176
1333,1207
1334,384
1334,636
1334,659
1334,910
1334,934
1334,1176
1334,1207
1335,384
1335,636
1335,660
1335,908
1335,933
1335,1176
1335,1208
1336,384
1336,660
1336,908
1336,932
1336,1177
1336,1208
1337,384
1337,662
1337,908
1337,931
1337,1208
1338,384
1338,662
1338,907
1338,1208
1339,384
1339,663
1339,908
1339,1209
1340,384
1340,664
1340,908
1340,1209
1341,384
1341,664
1341,1209
1342,384
1342,664
1342,1210
1343,384
1343,665
1343,1209
1344,384
1344,665
1344,1210
1345,384
1345,666
1345,1210
1346,384
1346,666
1346,1210
1347,384
1347,666
1347,671
1347,1210
1348,1211
1350,674
1351,678
1352,680
1353,680
1354,680
1355,681
1355,1215
1356,681
1356,1215
1357,166
1357,682
1357,1215
1358,167
1358,682
1358,1216
1359,167
1359,683
1359,1216
1360,169
1360,684
1360,721
1360,977
1360,1216
1361,168
1361,684
1361,720
1361,978
1361,1216
1362,170
1362,685
1362,720
1362,977
1362,1216
1363,170
1363,688
1363,720
1363,976
1363,1216
1364,170
1364,689
1364,719
1364,976
1364,1216
1365,171
1365,719
1365,975
1365,1217
1366,171
1366,718
1366,952
1366,975
1366,1218
1367,172
1367,718
1367,952
1367,974
1367,1217
1368,172
1368,718
1368,951
1368,962
1368,974
1368,1218
1369,173
1369,718
1369,951
1369,973
1369,1218
1370,173
1370,718
1370,950
1370,973
1370,1218
1371,173
1371,718
1371,949
1372,173
1372,717
1372,949
1373,174
1373,717
1373,949
1374,717
1374,948
1375,182
1375,716
1375,948
1376,180
1376,717
1376,949
1377,717
1378,716
1379,183
1379,716
1380,184
1381,184
1382,184
1383,184
1383,714
1384,185
1385,185
1386,185
1386,712
1387,186
1388,186
1388,711
1389,186
1389,711
1389,987
1390,187
1390,711
1390,988
1391,189
1391,710
1391,989
1392,189
1392,217
1392,710
1392,991
1393,190
1393,217
1393,710
1393,992
1394,190
1394,217
1394,710
1394,992
1395,191
1395,217
1395,710
1395,993
1396,216
1396,710
1396,994
1397,217
1397,709
1397,994
1398,217
1398,709
1398,995
1399,217
1399,709
1399,995
1400,217
1400,709
1400,996
1401,217
1401,708
1401,995
1401,1002
1402,217
1402,709
1403,217
1403,708
1403,1005
1403,1011
1404,217
1404,708
1404,1011
1405,217
1405,707
1405,768
1405,1012
1406,217
1406,707
1406,768
1406,1013
1407,217
1407,707
1407,765
1407,1013
1408,219
1408,765
1408,1013
1409,764
1409,1014
1410,763
1410,1014
1411,763
1411,1015
1412,219
1412,762
1412,1016
1413,762
1413,1017
1414,762
1414,1018
1415,761
1415,1019
1416,219
1416,760
1417,219
1417,761
1418,219
1418,755
1419,219
1420,219
1420,750
1421,219
1421,521
1421,748
1422,219
1422,520
1422,747
1423,219
1423,519
1423,746
1424,219
1424,518
1424,747
1425,219
1425,517
1425,746
1426,219
1426,516
1426,745
1426,1028
1427,219
1427,515
1427,745
1427,1030
1428,220
1428,514
1428,744
1428,1031
1429,220
1429,267
1429,514
1429,744
1429,1031
1430,220
1430,267
1430,513
1430,743
1430,802
1430,1032
1431,220
1431,267
1431,514
1431,742
1431,803
1431,1033
1432,220
1432,266
1432,512
1432,740
1432,802
1432,1034
1433,220
1433,265
1433,507
1433,513
1433,801
1433,1034
1434,265
1434,505
1434,801
1434,1036
1435,264
1435,500
1435,801
1435,1036
1436,264
1436,498
1436,801
1436,1035
1436,1045
1436,1055
1437,263
1437,498
1437,800
1437,1035
1437,1052
1438,263
1438,497
1438,800
1438,1055
1439,263
1439,497
1439,800
1439,1056
1440,263
1440,497
1440,799
1440,1056
1441,262
1441,496
1441,799
1441,1057
1442,262
1442,495
1442,799
1442,1058
1443,262
1443,495
1443,799
1443,1058
1444,262
1444,494
1444,799
1444,1059
1445,260
1445,492
1445,799
1445,1060
1446,261
1446,491
1446,799
1446,1061
1447,260
1447,536
1447,798
1448,259
1448,538
1448,798
1448,1081
1449,258
1449,537
1449,798
1449,1081
1450,538
1450,1082
1451,539
1451,796
1451,1082
1452,254
1452,538
1452,795
1452,1083
1453,254
1453,539
1453,795
1453,1083
1454,253
1454,540
1454,795
1454,1083
1455,253
1455,540
1455,1084
1456,253
1456,540
1456,1084
1457,253
1457,540
1457,792
1457,1083
1458,252
1458,541
1458,792
1458,1084
1459,252
1459,541
1459,792
1459,1084
1460,252
1460,541
1460,792
1460,1084
1461,251
1461,541
1461,792
1461,1084
1462,251
1462,541
1462,792
1462,1084
1463,251
1463,542
1463,791
1463,1084
1464,250
1464,542
1464,792
1464,1084
1465,250
1465,543
1465,791
1465,1084
1466,249
1466,545
1466,791
1467,249
1467,545
1467,791
1468,547
1468,791
1468,826
1469,790
1469,826
1470,790
1470,827
1471,790
1471,827
1472,548
1472,789
1472,828
1473,280
1473,550
1473,789
1473,829
1474,284
1474,550
1474,788
1474,829
1474,1088
1475,283
1475,550
1475,788
1475,829
1475,1089
1476,285
1476,550
1476,830
1476,1089
1477,285
1477,551
1477,830
1477,1089
1478,286
1478,551
1478,831
1478,1089
1479,287
1479,551
1479,831
1479,1089
1480,287
1480,551
1480,831
1480,1090
1481,288
1481,552
1481,831
1481,1089
1482,289
1482,552
1482,831
1482,1090
1483,288
1483,298
1483,552
1483,832
1483,1090
1484,289
1484,299
1484,307
1484,553
1484,830
1484,834
1484,1090
1485,305
1485,553
1485,1090
1486,307
1486,553
1486,1090
1487,307
1487,554
1487,836
1487,1091
1488,308
1488,554
1488,836
1488,1091
1489,309
1489,555
1489,1091
1490,309
1490,556
1490,1092
1491,310
1491,573
1491,841
1491,1092
1492,311
1492,574
1492,841
1492,1092
1493,312
1493,574
1493,841
1494,313
1494,576
1494,841
1495,577
1495,842
1496,578
1496,842
1497,578
1497,843
1497,1142
1498,579
1498,843
1498,1143
1499,579
1499,843
1499,880
1499,1143
1500,329
1500,579
1500,843
1500,880
1500,1118
1500,1143
1501,329
1501,580
1501,844
1501,880
1501,1118
1501,1142
1502,330
1502,580
1502,585
1502,844
1502,880
1502,1117
1502,1141
1503,331
1503,579
1503,587
1503,845
1503,880
1503,1116
1503,1139
1504,330
1504,588
1504,846
1504,880
1504,1116
1504,1141
1505,332
1505,588
1505,593
1505,846
1505,880
1505,1115
1505,1140
1506,332
1506,593
1506,847
1506,879
1506,1115
1506,1139
1507,332
1507,594
1507,847
1507,879
1507,1114
1507,1139
1508,333
1508,594
1508,879
1508,1114
1509,333
1509,595
1509,879
1509,1115
1510,333
1510,595
1510,879
1510,1115
1511,334
1511,596
1511,879
1512,334
1512,597
1512,879
1513,334
1513,598
1513,879
1514,334
1514,598
1514,879
1515,334
1515,599
1515,879
1516,333
1516,601
1516,879
1517,878
1518,338
1519,878
1521,339
1521,1184
1522,1184
1523,341
1523,1182
1524,342
1524,1182
1525,342
1525,1181
1526,342
1526,876
1526,1180
1527,343
1527,877
1527,1179
1528,342
1528,643
1528,876
1528,1179
1529,343
1529,642
1529,877
1529,1179
1530,343
1530,640
1530,877
1530,1178
1531,344
1531,640
1531,876
1531,1178
1532,344
1532,639
1532,877
1532,1177
1533,344
1533,638
1533,877
1533,1177
1534,345
1534,638
1534,877
1534,1177
1535,346
1535,636
1535,876
1535,921
1535,1171
1535,1176
1536,346
1536,637
1536,876
1536,920
1536,1171
1537,347
1537,394
1537,635
1537,876
1537,921
1538,348
1538,394
1538,627
1538,637
1538,876
1538,921
1538,1169
1539,393
1539,619
1539,627
1539,636
1539,876
1539,921
1539,1165
1540,391
1540,620
1540,876
1540,920
1540,1164
1541,391
1541,619
1541,875
1541,921
1541,1164
1542,390
1542,618
1542,875
1542,920
1542,1163
1543,389
1543,618
1543,876
1543,920
1543,1163
1544,388
1544,617
1544,920
1544,1163
1545,388
1545,616
1545,920
1545,1162
1546,387
1546,616
1546,920
1546,1162
1546,1212
1547,387
1547,615
1547,920
1547,1161
1547,1212
1548,387
1548,614
1548,920
1548,1160
1548,1212
1549,386
1549,668
1549,920
1549,1160
1549,1213
1550,386
1550,668
1550,920
1550,1158
1550,1212
1551,386
1551,668
1551,921
1551,1157
1551,1213
1552,381
1552,387
1552,668
1552,1157
1552,1212
1553,380
1553,668
1553,1213
1554,378
1554,668
1554,1212
1555,378
1555,668
1555,1212
1556,374
1556,668
1556,1213
1557,372
1557,668
1557,1213
1558,371
1558,668
1558,1213
1559,146
1559,371
1559,669
1559,919
1559,1213
1560,145
1560,371
1560,668
1560,918
1560,1212
1561,144
1561,370
1561,669
1561,919
1561,1213
1562,143
1562,370
1562,668
1562,919
1562,1213
1563,141
1563,369
1563,668
1563,919
1563,1212
1564,141
1564,369
1564,668
1564,919
1564,1212
1565,140
1565,369
1565,668
1565,918
1565,1213
1566,140
1566,368
1566,668
1566,919
1567,139
1567,367
1567,669
1567,918
1568,124
1568,133
1568,140
1568,366
1568,669
1568,919
1569,123
1569,131
1569,139
1569,365
1569,918
1570,122
1570,364
1570,918
1570,1212
1571,122
1571,918
1572,121
1572,669
1572,918
1572,1212
1573,120
1573,918
1574,120
1574,918
1575,119
1575,918
1575,1212
1576,118
1576,918
1576,1212
1577,118
1577,669
1577,1212
1578,116
1578,404
1578,669
1578,943
1578,1212
1579,405
1579,670
1579,947
1579,1211
1580,406
1580,670
1580,947
1580,1211
1581,407
1581,670
1581,948
1581,1211
1582,409
1582,670
1582,949
1582,1211
1583,409
1583,669
1583,950
1583,1211
1584,410
1584,669
1584,950
1584,1211
1585,409
1585,670
1585,951
1585,1211
1586,411
1586,422
1586,669
1586,952
1586,1211
1587,411
1587,669
1587,954
1587,1211
1588,186
1588,411
1588,420
1588,669
1588,726
1588,953
1588,960
1588,970
1588,1211
1589,185
1589,411
1589,419
1589,428
1589,670
1589,724
1589,952
1589,962
1589,970
1589,1210
1590,184
1590,426
1590,670
1590,724
1590,969
1590,1211
1591,182
1591,427
1591,670
1591,723
1591,970
1591,1211
1592,182
1592,428
1592,670
1592,722
1592,971
1593,181
1593,429
1593,670
1593,721
1593,972
1594,180
1594,430
1594,669
1594,720
1594,972
1595,180
1595,430
1595,670
1595,720
1595,972
1596,179
1596,431
1596,670
1596,719
1596,974
1597,179
1597,431
1597,719
1597,974
1598,179
1598,433
1598,718
1598,975
1599,178
1599,432
1599,718
1599,977
1600,178
1600,433
1600,717
1601,177
1601,718
1602,176
1602,717
1603,172
1603,717
1604,172
1604,715
1605,170
1605,712
1606,710
1607,165
1607,710
1608,164
1609,163
1609,476
1610,163
1610,474
1610,704
1611,163
1611,473
1611,704
1612,162
1612,472
1612,703
1613,162
1613,471
1613,703
1614,161
1614,471
1614,703
1614,1019
1615,160
1615,470
1615,703
1615,1017
1616,160
1616,469
1616,702
1616,1016
1617,159
1617,469
1617,702
1617,1016
1618,159
1618,468
1618,702
1618,1015
1619,158
1619,468
1619,701
1619,1015
1620,156
1620,467
1620,700
1620,1014
1621,156
1621,221
1621,467
1621,700
1621,994
1621,1011
1622,220
1622,461
1622,467
1622,698
1622,993
1622,1002
1622,1013
1623,220
1623,461
1623,698
1623,993
1623,1012
1624,219
1624,459
1624,696
1624,992
1624,1013
1625,218
1625,455
1625,696
1625,992
1626,218
1626,454
1626,991
1627,218
1627,453
1627,990
1628,217
1628,453
1628,990
1629,217
1629,452
1629,989
1630,217
1630,452
1630,990
1631,216
1631,452
1632,216
1632,451
1633,216
1633,450
1634,215
1634,449
1634,765
1635,216
1635,449
1635,767
1636,215
1636,447
1636,766
1637,214
1637,446
1637,766
1638,212
1638,742
1638,766
1639,212
1639,741
1639,764
1640,752
1641,740
1641,765
1641,1031
1642,209
1642,738
1642,764
1642,1033
1643,208
1643,738
1643,763
1643,1033
1644,208
1644,738
1644,761
1644,1034
1645,207
1645,485
1645,738
1645,1036
1646,207
1646,487
1646,738
1646,1036
1647,206
1647,488
1647,738
1647,1036
1648,206
1648,489
1648,1037
1649,206
1649,490
1649,1037
1650,206
1650,490
1650,1038
1651,205
1651,491
1651,1038
1652,205
1652,492
1652,1038
1653,204
1653,492
1653,1040
1654,204
1654,492
1655,204
1655,493
1656,202
1656,494
1656,1046
1657,203
1657,493
1657,1051
1658,502
1658,509
1658,1052
1659,508
1659,777
1659,1052
1660,509
1660,778
1660,1052
1661,510
1661,780
1661,1052
1662,510
1662,781
1662,1054
1663,511
1663,781
1663,1053
1664,511
1664,782
1664,1054
1665,512
1665,783
1665,1055
1666,237
1666,513
1666,784
1666,1056
1667,238
1667,514
1667,784
1667,1057
1668,239
1668,514
1668,784
1668,1057
1669,239
1669,516
1669,785
1669,1059
1670,240
1670,517
1670,786
1671,241
1671,518
1671,786
1672,242
1672,787
1673,244
1673,260
1673,784
1673,794
1674,242
1674,254
1674,261
1674,534
1674,794
1675,242
1675,260
1675,534
1675,794
1676,242
1676,262
1676,534
1676,800
1677,263
1677,536
1677,801
1678,264
1678,535
1678,802
1679,265
1679,537
1679,802
1680,265
1680,537
1680,803
1681,266
1681,537
1681,803
1682,266
1682,538
1682,804
1682,1102
1683,266
1683,538
1683,805
1683,1101
1684,538
1684,805
1684,1101
1685,538
1685,805
1685,1101
1686,538
1686,807
1686,1077
1686,1100
1687,539
1687,807
1687,1077
1687,1098
1688,540
1688,809
1688,1080
1688,1099
1689,542
1689,810
1689,1075
1689,1098
1690,543
1690,1075
1690,1098
1691,1074
1691,1097
1692,1074
1693,276
1693,1074
1694,278
1694,545
1694,1074
1695,277
1695,547
1695,1075
1696,279
1696,547
1697,281
1697,548
1697,854
1698,281
1698,548
1698,852
1699,281
1699,548
1699,850
1700,282
1700,548
1700,850
1701,283
1701,549
1701,849
1702,283
1702,549
1702,848
1703,284
1703,550
1703,848
1704,284
1704,550
1704,847
1705,284
1705,550
1705,846
1706,286
1706,551
1706,827
1706,837
1706,846
1707,287
1707,552
1707,826
1707,834
1707,846
1708,294
1708,553
1708,826
1708,846
1709,293
1709,553
1709,825
1710,300
1710,824
1710,1113
1711,300
1711,823
1711,1115
1712,301
1712,823
1712,1115
1713,302
1713,822
1713,1118
1714,38
1714,302
1714,822
1714,1118
1715,39
1715,302
1715,821
1715,1118
1716,39
1716,303
1716,820
1716,1119
1717,39
1717,303
1717,595
1717,603
1717,821
1717,1119
1718,39
1718,304
1718,599
1718,1120
1719,38
1719,304
1719,344
1719,599
1719,1122
1720,38
1720,305
1720,343
1720,598
1720,867
1720,1120
1720,1130
1720,1140
1721,38
1721,306
1721,343
1721,598
1721,866
1721,1121
1721,1131
1721,1139
1722,37
1722,42
1722,47
1722,306
1722,342
1722,597
1722,867
1722,1137
1723,45
1723,308
1723,341
1723,595
1723,868
1723,1140
1724,44
1724,342
1724,576
1724,594
1724,868
1724,1140
1725,45
1725,341
1725,575
1725,585
1725,595
1725,869
1725,1140
1726,51
1726,340
1726,575
1726,595
1726,870
1726,1142
1727,51
1727,341
1727,574
1727,594
1727,870
1727,1142
1728,51
1728,340
1728,573
1728,871
1728,1142
1729,52
1729,340
1729,572
1729,871
1729,1143
1730,53
1730,339
1730,572
1730,872
1730,1144
1731,52
1731,339
1731,571
1731,872
1731,1145
1732,53
1732,339
1732,571
1732,872
1733,53
1733,338
1733,570
1733,872
1734,54
1734,338
1734,872
1735,54
1735,338
1735,873
1736,55
1736,79
1736,338
1736,873
1737,55
1737,79
1737,338
1737,875
1738,57
1738,79
1738,338
1739,58
1739,79
1739,337
1739,878
1740,59
1740,79
1740,336
1741,58
1741,80
1741,335
1742,80
1742,335
1743,80
1743,882
1744,81
1744,882
1745,80
1745,883
1746,81
1746,883
1747,81
1747,331
1747,883
1748,81
1748,331
1748,883
1749,81
1749,331
1749,884
1750,81
1750,330
1750,884
1751,81
1751,330
1751,885
1752,81
1752,330
1752,884
1753,82
1753,330
1753,617
1753,885
1754,82
1754,330
1754,614
1754,886
1755,83
1755,329
1755,613
1755,886
1756,330
1756,614
1756,887
1757,86
1757,329
1757,614
1757,636
1757,887
1757,932
1758,86
1758,328
1758,618
1758,637
1758,888
1758,931
1759,86
1759,328
1759,615
1759,633
1759,889
1759,930
1760,327
1760,616
1760,638
1760,890
1760,930
1761,328
1761,393
1761,616
1761,638
1761,929
1762,327
1762,391
1762,618
1762,639
1762,929
1763,87
1763,327
1763,390
1763,639
1763,928
1764,86
1764,326
1764,389
1764,638
1764,927
1765,87
1765,388
1765,637
1765,927
1766,87
1766,387
1766,926
1767,87
1767,386
1767,926
1768,88
1768,386
1768,926
1769,87
1769,385
1769,926
1770,88
1770,385
1770,925
1771,88
1771,384
1771,923
1772,88
1772,384
1773,88
1773,384
1774,88
1774,383
1775,89
1775,377
1775,384
1776,89
1776,376
1776,915
1777,89
1777,114
1777,375
1777,915
1778,90
1778,114
1778,369
1778,914
1779,90
1779,115
1779,368
1779,687
1779,914
1780,90
1780,115
1780,368
1780,686
1780,914
1781,92
1781,116
1781,367
1781,684
1781,914
1782,92
1782,117
1782,367
1782,683
1782,913
1783,117
1783,366
1783,682
1783,913
1784,118
1784,366
1784,681
1784,913
1785,118
1785,366
1785,680
1785,912
1786,119
1786,365
1786,680
1786,911
1787,119
1787,364
1787,679
1787,909
1788,119
1788,364
1788,679
1788,909
1789,120
1789,363
1789,679
1789,908
1790,120
1790,362
1790,677
1791,119
1791,361
1791,669
1791,678
1792,126
1792,359
1792,660
1792,668
1792,677
1793,126
1793,661
1794,660
1795,659
1796,130
1796,658
1797,130
1797,657
1798,130
1798,657
1799,131
1799,656
1799,947
1800,131
1800,655
1800,949
1801,132
1801,401
1801,655
1801,948
1802,132
1802,404
1802,654
1802,949
1803,132
1803,405
1803,653
1803,950
1803,972
1804,132
1804,406
1804,652
1804,951
1804,973
1805,133
1805,406
1805,955
1805,973
1806,134
1806,407
1806,951
1806,972
1807,135
1807,408
1807,952
1807,975
1808,136
1808,409
1808,952
1808,975
1809,137
1809,411
1809,950
1809,976
1810,137
1810,409
1810,417
1810,425
1810,977
1811,408
1811,424
1811,976
1812,425
1812,975
1813,426
1813,972
1814,427
1815,428
1816,429
1817,186
1817,429
1818,184
1818,430
1818,1015
1819,183
1819,430
1819,1014
1820,182
1820,1014
1821,181
1821,1014
1822,180
1822,1013
1823,180
1823,1012
1824,179
1824,1012
1825,178
1825,1011
1826,176
1826,1011
1827,159
1827,168
1827,178
1827,443
1827,1011
1828,157
1828,177
1828,444
1828,1011
1829,157
1829,178
1829,444
1829,1010
1830,156
1830,446
1830,1010
1831,155
1831,447
1831,1010
1832,155
1832,447
1832,1009
1833,153
1833,448
1833,1010
1834,153
1834,449
1834,1010
1835,153
1835,450
1836,152
1836,450
1837,152
1837,451
1838,451
1839,451
1840,212
1840,451
1841,212
1841,451
1841,457
1841,1002
1842,211
1842,451
1842,459
1842,1002
1843,212
1843,1001
1844,212
1844,460
1844,1000
1845,211
1845,1000
1846,211
1846,466
1846,1000
1847,210
1847,466
1847,737
1847,1000
1848,210
1848,467
1848,738
1848,1000
1849,210
1849,467
1849,739
1849,1000
1850,210
1850,468
1850,741
1850,999
1850,1037
1851,210
1851,468
1851,742
1851,999
1851,1038
1852,210
1852,469
1852,742
1852,998
1852,1038
1853,210
1853,469
1853,743
1853,997
1853,1038
1854,209
1854,470
1854,744
1854,997
1854,1039
1855,209
1855,470
1855,744
1855,997
1855,1039
1856,210
1856,472
1856,744
1856,996
1856,1040
1857,210
1857,472
1857,745
1857,752
1857,996
1857,1040
1858,211
1858,474
1858,744
1858,1041
1859,475
1859,755
1859,761
1859,1041
1860,760
1860,1042
1861,209
1861,761
1861,1041
1862,761
1862,1042
1863,762
1863,1043
1864,516
1864,763
1864,1043
1865,516
1865,763
1865,1043
1866,207
1866,514
1866,764
1866,1042
1867,207
1867,513
1867,765
1867,1045
1868,207
1868,511
1868,765
1869,207
1869,511
1869,767
1869,1048
1870,206
1870,510
1871,207
1871,509
1871,1048
1872,206
1872,509
1873,206
1873,509
1873,1049
1874,206
1874,509
1874,1052
1875,206
1875,507
1875,1052
1876,205
1876,502
1876,508
1876,1053
1877,205
1877,1053
1878,205
1878,495
1878,1053
1879,205
1879,495
1879,1053
1880,205
1880,494
1880,1054
1881,205
1881,494
1881,1054
1882,205
1882,493
1882,1054
1883,205
1883,492
1883,1054
1884,491
1884,1055
1885,491
1885,1056
1886,490
1886,1056
1887,266
1887,490
1887,1056
1888,266
1888,488
1888,1057
1889,265
1889,486
1889,1058
1890,264
1890,1059
1891,264
1891,1058
1892,263
1893,242
1893,261
1893,557
1894,240
1894,259
1894,557
1895,250
1895,556
1896,239
1896,261
1896,554
1897,238
1897,260
1897,554
1897,1102
1898,237
1898,553
1898,1104
1899,236
1899,552
1899,1104
1900,238
1900,551
1900,1103
1901,239
1901,551
1901,1081
1901,1102
1902,240
1902,551
1902,1081
1902,1099
1903,241
1903,550
1903,1080
1903,1101
1904,550
1904,844
1904,1079
1904,1102
1905,550
1905,844
1905,1078
1905,1100
1906,550
1906,843
1906,1078
1906,1101
1907,549
1907,844
1907,1078
1908,281
1908,545
1908,843
1908,1079
1909,282
1909,544
1909,842
1909,1080
1910,282
1910,842
1911,282
1911,842
1912,283
1912,841
1913,284
1913,538
1913,841
1914,284
1914,536
1914,841
1915,284
1915,537
1915,841
1916,285
1916,537
1916,841
1917,287
1917,536
1917,841
1918,288
1918,536
1918,841
1919,290
1919,535
1919,841
1920,534
1920,840
1921,534
1922,533
1923,533
1923,838
1924,532
1925,531
1926,531
1927,529
1927,835
1928,598
1928,835
1929,598
1929,835
1930,596
1930,835
1931,596
1931,835
1932,595
1932,835
1933,594
1933,835
1934,594
1934,834
1935,593
1935,834
1936,592
1936,834
1937,592
1937,833
1938,592
1938,834
1939,592
1939,833
1940,591
1940,832
1941,590
1941,832
1942,586
1942,832
1943,585
1945,581
1945,863
1945,868
1946,580
1946,867
1947,580
1947,867
1948,579
1948,869
1949,579
1949,870
1950,578
1950,870
1951,578
1951,871
1952,577
1952,871
1953,577
1953,871
1954,576
1954,874
1955,576
1955,872
1955,880
1956,574
1956,873
1956,882
1956,888
1957,573
1957,888
1958,889
1959,890
1960,889
1961,612
1961,890
1962,613
1962,891
1963,613
1963,892
1964,615
1964,893
1965,616
1965,893
1966,617
1966,893
1967,618
1968,618
1969,619
1970,619
1971,619
1971,912
1972,620
1972,914
1973,621
1973,914
1974,620
1974,628
1974,914
1975,915
1976,915
1977,630
1977,635
1977,917
1978,635
1978,917
1979,635
1979,917
1980,636
1980,918
1981,636
1981,917
1982,637
1982,918
1983,637
1983,918
1984,637
1984,919
1985,638
1985,918
1986,639
1986,922
1987,640
1988,641
1989,641
1990,644
1990,925
1991,927
1992,928
1993,928
1994,925
1994,930
1995,929
1996,929
1997,930
1998,930
1999,930
2000,931
2001,931
2002,932
2003,932
2004,933
2006,983
2007,983
2008,981
2009,980
2010,979
2011,978
2012,977
2013,976
2014,976
2015,976
2016,975
2017,975
2018,974
2019,967
2019,975
2020,966
2021,959
2022,960
2023,958
2024,958
2025,958
2026,957
2027,956
2028,956
2029,955
2030,954
2031,696
2031,954
2032,699
2032,953
2033,699
2033,952
2034,701
2034,949
2035,702
2036,702
2037,702
2038,703
2039,704
2039,1024
2040,704
2040,713
2040,722
2040,1023
2041,703
2041,720
2041,1022
2042,721
2042,1021
2043,724
2043,1020
2044,723
2044,1019
2045,725
2045,1019
2046,726
2046,1018
2047,726
2047,1018
2048,726
2048,1017
2049,727
2049,1017
2050,727
2050,1016
2051,1010
2051,1017
2052,1008
2053,766
2053,1007
2054,765
2054,1003
2055,764
2055,1002
2056,764
2056,1001
2057,763
2057,1001
2058,763
2058,1001
2059,763
2059,1000
2060,762
2060,1000
2061,762
2061,999
2062,761
2062,998
2063,761
2063,998
2064,761
2064,996
2065,761
2065,996
2066,760
2067,761
2068,760
2069,760
2079,1040
2080,1039
2081,1040
2082,1040
2083,1043
2084,1042
2085,1041
2086,1043
2087,1042
