2160*1622
27,674
28,675
29,677
30,676
31,676
32,675
33,674
63,693
64,692
65,691
66,691
67,690
68,689
69,689
70,689
71,688
72,688
73,688
74,688
75,688
76,687
77,687
78,685
81,683
82,683
83,684
84,678
85,679
86,679
87,678
88,679
88,861
89,678
89,859
90,678
90,858
91,678
91,857
92,677
92,857
93,677
93,856
94,676
94,855
95,675
95,855
96,675
96,854
97,675
97,853
98,673
98,854
99,673
99,853
100,852
101,851
102,847
104,838
104,845
105,839
106,837
107,837
108,837
109,836
110,836
111,836
112,834
113,834
114,833
115,832
116,832
117,830
118,829
119,828
122,696
123,695
124,693
125,693
126,692
127,692
128,691
129,690
130,690
131,689
132,689
133,687
133,849
134,681
134,687
134,850
135,670
135,680
135,850
136,672
136,849
137,672
137,849
137,1015
138,671
138,849
138,1017
139,670
139,849
139,1019
140,669
140,848
140,1019
141,669
141,849
141,1019
142,668
142,848
142,1020
143,668
143,847
143,1020
144,667
144,848
144,1020
145,666
145,848
145,1020
146,666
146,848
147,663
147,847
148,662
148,847
149,847
150,847
151,847
152,847
153,846
158,845
159,1013
160,1013
161,845
161,1013
162,843
162,1014
163,843
163,1014
164,842
164,1014
165,842
165,1014
166,842
166,1014
167,677
167,842
167,1014
168,677
168,843
168,1014
169,678
169,842
169,1015
170,677
170,842
170,1014
171,677
171,842
171,1015
172,677
172,842
172,1015
173,677
173,841
173,1014
174,678
174,841
174,1015
175,677
175,841
175,1015
176,678
176,840
177,678
177,840
178,677
178,840
179,678
179,840
180,678
180,839
181,678
181,839
182,678
182,1017
183,678
183,1017
184,677
184,1018
185,1017
186,1017
187,1018
188,1018
189,1018
190,1018
190,1178
191,678
191,1019
191,1180
192,679
192,1018
192,1181
193,677
193,1018
193,1183
194,678
194,1018
194,1185
195,678
195,1018
195,1185
196,678
196,832
196,1018
196,1185
197,678
197,834
197,1019
197,1186
198,678
198,835
198,1019
198,1187
199,678
199,835
199,1018
199,1188
200,678
200,836
200,1192
201,678
201,836
201,1192
202,678
202,837
202,1199
203,678
203,838
203,1198
204,678
204,838
204,1199
205,679
205,838
205,1201
206,679
206,839
206,1201
207,678
207,839
207,1200
208,679
208,841
208,1202
209,679
209,845
209,1202
210,1202
211,846
211,853
211,1203
212,851
212,1204
213,853
213,1204
214,853
214,1206
215,854
215,1207
216,854
216,1008
216,1207
217,854
217,1010
218,855
218,1010
219,856
219,1011
220,857
220,1012
221,857
221,1012
222,859
222,1013
223,683
223,859
223,1013
224,683
224,860
224,1013
225,683
225,1014
226,682
226,1014
227,682
227,1015
228,682
228,1014
229,681
229,1015
230,681
231,681
232,681
233,680
234,680
235,680
235,1025
236,680
236,1026
237,680
237,1025
237,1186
238,680
238,1026
238,1187
239,1027
239,1189
240,1027
240,1189
241,1027
241,1190
242,839
242,1028
242,1191
243,840
243,1028
243,1191
244,678
244,840
244,1029
244,1192
245,674
245,841
245,1030
245,1193
246,675
246,841
246,1031
246,1193
247,675
247,842
247,1032
247,1193
248,674
248,842
248,1032
248,1193
249,674
249,842
249,1194
250,674
250,843
250,1194
251,674
251,843
251,1196
252,674
252,843
253,673
253,844
253,1200
254,673
254,844
254,1200
255,673
255,844
255,1206
256,673
256,844
256,1207
257,672
257,844
257,1207
258,672
258,845
258,1208
259,672
259,845
259,1208
260,671
260,846
260,1207
261,671
261,1208
262,1209
263,1210
264,1210
265,849
265,1211
266,523
266,849
266,1212
266,1373
267,525
267,1213
267,1373
268,524
268,853
268,1213
268,1373
269,524
269,852
269,1214
269,1373
270,524
270,853
270,1215
270,1374
271,523
271,853
271,1375
272,522
272,853
272,1376
272,1395
273,507
273,519
273,854
273,1377
273,1396
274,507
274,511
274,521
274,853
274,1378
274,1385
274,1394
275,519
275,854
275,1395
276,855
276,1396
277,854
277,1396
278,855
278,1397
279,856
279,1397
280,856
280,1398
281,856
281,1017
281,1036
281,1399
282,857
282,1014
282,1036
282,1399
283,857
283,1014
283,1038
284,857
284,1013
284,1037
285,665
285,858
285,1013
285,1037
286,664
286,858
286,1026
287,664
287,1013
287,1037
288,664
288,1013
288,1037
289,666
289,1015
289,1037
290,666
290,1014
291,667
291,1196
292,667
292,1196
293,668
293,1198
294,670
294,688
294,1199
295,672
295,688
295,1199
296,669
296,679
296,688
296,1199
297,689
297,1201
298,689
298,1201
299,691
299,1201
300,691
300,1201
301,691
301,1202
302,692
302,1202
303,694
303,1202
304,694
304,1204
305,698
306,1208
309,1214
310,1214
311,526
311,865
311,1215
312,525
312,864
312,1215
313,522
313,865
313,1215
313,1409
314,522
314,842
314,866
314,1216
314,1408
315,521
315,843
315,865
315,1216
315,1407
316,520
316,842
316,864
316,1217
316,1406
317,520
317,841
317,861
317,1218
317,1405
318,519
318,841
318,863
318,1218
318,1405
319,518
319,840
319,863
319,1219
319,1404
320,518
320,840
320,1019
320,1220
320,1404
321,517
321,839
321,1019
321,1221
321,1403
322,517
322,841
322,1021
322,1221
322,1403
323,517
323,1021
323,1222
323,1403
324,516
324,1023
324,1402
325,512
325,1023
325,1580
326,510
326,1024
326,1579
327,510
327,1024
327,1396
327,1581
328,502
328,1025
328,1581
329,504
329,1025
329,1391
329,1582
330,502
330,1025
330,1391
330,1582
331,502
331,1026
331,1390
331,1583
332,502
332,1026
332,1390
332,1584
333,501
333,1026
333,1390
333,1584
334,501
334,1026
334,1389
334,1585
335,500
335,1027
335,1389
335,1585
336,500
336,1388
336,1585
337,499
337,1388
337,1586
338,498
338,1032
338,1387
338,1585
339,497
339,1386
339,1585
340,496
340,1384
340,1586
341,495
341,694
341,1034
341,1040
341,1383
341,1586
342,695
342,1038
342,1588
343,695
343,1040
344,695
344,1040
345,695
345,1039
345,1590
346,671
346,694
346,1040
346,1590
347,670
347,694
347,1040
348,670
348,692
348,1041
349,673
349,692
349,1041
349,1595
350,669
350,691
350,1041
350,1596
351,669
351,1042
351,1596
352,667
352,1043
352,1597
353,667
353,1043
353,1231
353,1597
354,667
354,1044
354,1231
354,1597
355,666
355,1045
355,1207
355,1232
355,1597
356,668
356,1046
356,1207
356,1232
356,1598
357,1046
357,1206
357,1232
357,1598
358,1206
358,1232
358,1598
359,1219
359,1598
360,1206
360,1230
360,1599
361,1205
361,1230
361,1600
362,1203
362,1228
362,1600
363,1204
363,1600
364,1205
364,1602
365,1205
365,1602
366,1602
372,1397
373,1397
374,1395
374,1422
375,499
375,1395
375,1422
376,499
376,1395
376,1422
377,498
377,522
377,1057
377,1395
377,1423
378,498
378,523
378,1056
378,1397
378,1423
379,499
379,523
379,1055
379,1397
379,1421
379,1591
380,499
380,523
380,1054
380,1395
380,1424
380,1592
381,499
381,521
381,1052
381,1396
381,1424
381,1594
382,500
382,524
382,1052
382,1398
382,1424
382,1594
383,501
383,525
383,1051
383,1424
383,1595
384,501
384,525
384,1051
384,1422
384,1595
385,524
385,1051
385,1596
386,670
386,1050
386,1597
387,672
387,1049
387,1597
388,674
388,1049
388,1597
389,674
389,1048
389,1597
390,675
390,1047
390,1597
391,676
391,1598
392,676
392,1041
392,1598
393,677
393,1034
393,1598
394,677
394,1034
394,1599
395,678
395,1033
396,678
396,1032
397,678
397,1032
398,679
398,1032
399,679
399,1031
400,681
400,1030
401,684
401,1030
402,685
402,1029
403,685
403,1028
404,1028
404,1216
405,691
405,1026
405,1216
406,692
406,1025
406,1216
407,692
407,1216
408,693
408,1217
409,693
409,1218
409,1428
410,693
410,1219
410,1239
410,1428
411,694
411,1221
411,1239
411,1428
412,694
412,1221
412,1230
412,1240
412,1428
413,694
413,1220
413,1238
413,1427
414,695
414,1240
414,1428
415,696
415,1241
415,1427
416,697
416,853
416,1242
416,1427
417,698
417,852
417,1243
417,1427
418,699
418,852
418,1243
418,1426
419,700
419,853
419,1244
419,1426
420,852
420,1426
421,852
421,876
421,1426
422,854
422,875
422,1426
423,854
423,864
423,876
423,1426
424,854
424,874
424,1425
425,856
425,877
425,1425
426,502
426,878
426,1425
427,500
427,878
428,502
428,879
429,502
429,879
430,503
430,879
431,503
431,1422
432,504
432,522
433,506
433,523
434,505
434,515
434,524
435,506
435,521
435,1420
436,522
436,682
436,1421
437,525
437,683
437,1037
437,1421
438,526
438,684
438,1037
438,1420
439,526
439,684
439,1037
439,1421
440,527
440,685
440,1037
440,1420
441,528
441,685
441,1038
441,1420
442,528
442,685
442,1039
442,1060
442,1420
443,685
443,1041
443,1061
443,1420
444,686
444,1042
444,1062
444,1420
445,686
445,1041
445,1059
445,1420
446,686
446,1042
446,1061
446,1419
447,687
447,1063
447,1419
448,687
448,1063
448,1419
449,687
449,1064
449,1418
450,687
450,1065
450,1418
451,688
451,1065
451,1418
452,1066
452,1418
453,1226
454,1227
455,1228
456,691
456,1229
457,1229
458,1230
459,694
459,1230
460,695
460,885
460,1232
461,695
461,885
461,1231
462,695
462,884
462,1233
462,1253
463,695
463,883
463,1232
463,1241
463,1252
464,695
464,882
464,1233
464,1250
465,695
465,882
465,1250
466,696
466,881
466,1253
467,695
467,881
467,1254
468,697
468,881
468,1254
469,527
469,696
469,880
469,1255
469,1423
470,526
470,697
470,879
470,1256
470,1424
471,525
471,697
471,880
471,1257
471,1426
472,526
472,698
472,880
472,1258
472,1427
473,525
473,698
473,879
473,1260
473,1427
474,524
474,699
474,876
474,1428
475,523
475,699
475,1429
476,523
476,874
476,1059
476,1429
477,523
477,1059
477,1430
478,523
478,873
478,1060
478,1430
479,522
479,869
479,1060
479,1431
480,522
480,868
480,1060
480,1432
481,522
481,868
481,1060
481,1429
482,522
482,867
482,1061
483,522
483,867
483,1061
483,1439
483,1446
484,521
484,867
484,1060
484,1445
485,867
485,1061
485,1447
486,866
486,1061
486,1447
487,866
487,1061
487,1448
488,519
488,865
488,1061
488,1448
489,519
489,864
489,1061
489,1449
490,864
490,1061
490,1449
491,514
491,863
491,1061
491,1449
492,513
492,862
492,1061
492,1451
493,514
493,862
493,1452
494,514
494,1453
495,514
495,1454
496,514
497,513
498,513
499,513
499,1267
500,512
500,1266
501,511
501,1063
501,1266
502,512
502,709
502,1064
502,1264
503,511
503,710
503,1064
503,1264
504,510
504,711
504,1064
504,1264
505,510
505,710
505,1064
505,1263
506,510
506,689
506,710
506,1064
506,1263
507,509
507,688
507,709
507,1064
507,1262
508,688
508,708
508,1064
508,1262
509,691
509,708
509,1064
509,1262
510,687
510,707
510,1064
510,1261
511,686
511,707
511,1065
511,1262
512,686
512,1065
512,1260
513,685
513,1065
513,1259
514,685
514,1065
515,1065
516,1065
517,1065
518,1252
519,1251
520,1250
521,533
521,1250
522,533
522,1251
522,1442
523,531
523,1250
523,1442
524,531
524,1250
524,1443
525,531
525,1249
525,1444
526,530
526,1249
526,1444
527,530
527,1248
527,1445
528,529
528,1247
528,1446
529,529
529,1247
529,1446
530,528
530,1246
530,1447
531,528
531,1246
531,1448
532,528
532,1245
532,1447
533,528
533,1244
533,1454
533,1462
534,528
534,1462
535,528
535,1462
536,527
536,1463
537,527
537,1464
538,1058
538,1065
538,1464
539,1060
539,1464
540,1061
540,1465
541,524
541,1061
541,1467
542,524
542,1063
542,1467
543,1064
543,1468
544,521
544,1064
544,1470
545,520
545,1065
546,519
546,1065
547,519
547,1066
548,519
548,1066
548,1073
548,1086
549,519
549,1076
549,1084
550,519
550,1082
551,518
551,1084
552,518
552,692
552,1085
553,518
553,692
553,1085
554,518
554,693
554,1085
555,517
555,693
555,1087
556,517
556,694
556,1088
557,516
557,695
557,1088
558,516
558,696
558,1089
558,1284
559,515
559,697
559,1091
559,1286
560,515
560,697
560,1092
560,1285
561,515
561,697
561,705
561,716
561,1285
562,698
562,706
562,716
562,1285
563,708
563,717
563,1284
564,716
564,1283
565,717
565,1260
565,1282
566,718
566,1260
566,1280
567,718
567,1260
567,1272
567,1282
568,719
568,1263
568,1281
569,720
569,1259
569,1281
569,1457
570,720
570,1259
570,1458
571,722
571,1258
571,1460
572,723
572,911
572,1257
572,1461
573,910
573,1257
573,1462
574,909
574,1256
574,1462
575,909
575,1255
575,1463
576,908
576,1464
577,907
577,1464
578,907
578,1464
579,906
579,1464
580,905
580,1465
581,884
581,904
581,1466
582,885
582,895
582,905
582,1466
583,886
583,895
583,903
583,1472
584,884
584,1472
585,884
585,1479
586,883
586,1478
587,882
587,1480
588,882
588,1103
588,1480
589,881
589,1103
589,1480
590,880
590,1101
590,1481
591,879
591,1100
591,1482
592,1100
592,1482
593,1099
593,1483
594,1098
594,1483
595,1098
595,1484
596,1097
596,1486
597,1097
597,1486
598,1097
598,1487
599,1097
600,1089
601,701
601,1081
601,1087
602,703
602,1082
603,704
603,1081
604,705
604,1080
605,706
605,1079
606,706
606,1079
607,707
607,1078
608,707
608,1078
609,709
609,1077
609,1300
610,708
610,1076
610,1301
611,709
611,1075
611,1301
612,710
612,1074
612,1300
613,709
613,1072
613,1300
614,716
614,1299
615,724
615,1298
616,722
616,1297
617,723
617,1278
617,1296
618,724
618,1277
618,1294
619,724
619,1279
619,1296
620,724
620,1276
621,725
621,1276
622,726
622,1276
623,726
623,924
623,1274
624,728
624,923
624,1274
625,729
625,923
625,1273
626,730
626,922
626,1272
626,1478
627,546
627,731
627,922
627,1269
627,1478
628,545
628,920
628,1478
629,545
629,919
629,1478
630,545
630,920
630,1479
631,544
631,918
631,1480
632,544
632,917
632,1481
632,1500
633,544
633,898
633,915
633,1482
633,1499
634,543
634,897
634,907
634,917
634,1482
634,1490
634,1499
635,543
635,900
635,916
635,1481
635,1498
636,543
636,898
636,1500
637,542
637,896
637,1501
638,543
638,895
638,1502
639,542
639,895
639,1502
640,542
640,894
640,1503
641,542
641,894
641,1504
642,542
642,893
642,1505
643,542
643,892
644,891
647,539
647,737
648,736
649,736
649,1310
650,537
650,735
650,1310
651,537
651,734
651,1310
652,536
652,734
652,1310
653,536
653,734
653,1309
654,536
654,733
654,1310
655,536
655,733
655,1309
656,536
656,732
656,1308
657,536
657,732
657,1308
658,536
658,732
658,1308
659,535
659,732
659,1308
660,535
660,732
660,1308
661,535
661,732
661,1308
662,534
662,731
662,1308
663,534
663,731
663,1307
664,534
664,1308
665,534
665,1306
666,533
666,728
667,727
668,727
669,1495
670,725
670,936
670,1497
671,724
671,934
671,1499
672,723
672,933
672,1303
672,1499
673,723
673,932
673,1303
673,1501
674,723
674,932
674,1303
674,1501
675,723
675,931
675,1302
675,1501
676,723
676,930
676,1302
676,1502
677,551
677,722
677,930
677,1302
677,1503
678,550
678,722
678,929
678,1302
678,1503
679,550
679,722
679,929
679,1302
679,1503
680,551
680,721
680,928
680,1302
680,1504
681,550
681,721
681,928
681,1301
681,1504
682,550
682,721
682,928
682,1301
682,1504
683,550
683,720
683,927
683,1113
683,1301
684,550
684,720
684,1113
684,1300
685,550
685,719
685,1114
685,1300
686,372
686,549
686,718
686,921
686,1114
686,1300
687,373
687,550
687,718
687,921
687,1114
687,1299
688,373
688,550
688,916
688,1115
688,1299
689,373
689,550
689,915
689,1115
690,373
690,549
690,914
690,1116
691,373
691,550
691,914
691,1116
692,372
692,549
692,914
692,1116
693,373
693,550
693,913
693,1116
694,372
694,550
694,913
694,1117
695,373
695,549
695,912
695,1117
696,373
696,912
696,1117
696,1325
697,374
697,911
697,1117
697,1325
698,374
698,911
698,1117
698,1325
699,375
699,909
699,1118
699,1325
700,375
700,550
700,908
700,1325
701,550
701,907
701,1325
702,1325
703,1119
703,1325
704,549
704,1325
705,549
705,1325
706,548
706,1325
707,549
707,1123
707,1325
708,549
708,1123
708,1324
709,548
709,1124
709,1324
710,548
710,1124
710,1324
711,549
711,1124
711,1324
712,548
712,1124
712,1325
713,549
713,1124
713,1324
714,548
714,1125
714,1323
715,548
715,1124
716,548
716,1125
717,548
717,1125
718,548
718,1125
719,548
719,1126
719,1323
720,548
720,1126
721,548
721,1126
722,548
722,1127
723,384
723,1127
724,387
724,1322
725,387
725,1322
726,387
726,1323
727,387
727,1323
728,385
728,563
728,1322
729,361
729,385
729,563
729,1322
730,361
730,385
730,563
730,1322
731,361
731,382
731,563
731,923
731,1322
732,362
732,372
732,383
732,563
732,924
732,1322
733,363
733,374
733,382
733,562
733,923
733,1322
734,361
734,382
734,562
734,924
734,945
734,1322
735,361
735,562
735,924
735,947
735,1322
736,361
736,562
736,926
736,947
736,1321
737,360
737,562
737,928
737,947
737,1322
738,360
738,562
738,926
738,946
738,1322
739,359
739,561
739,926
739,949
739,1321
740,357
740,562
740,949
740,1321
741,562
741,949
741,1321
742,561
742,949
742,1321
743,562
743,949
744,562
745,561
745,1343
746,561
746,1343
747,562
747,1343
748,1126
748,1343
749,1124
749,1150
749,1343
750,1124
750,1150
750,1343
751,1123
751,1151
751,1343
752,561
752,762
752,1123
752,1151
752,1344
753,561
753,762
753,1124
753,1151
753,1343
754,761
754,1124
754,1149
754,1343
755,761
755,1123
755,1152
755,1343
756,559
756,760
756,1124
756,1151
756,1343
757,559
757,760
757,1125
757,1151
757,1343
758,559
758,760
758,1126
758,1151
758,1343
759,559
759,759
759,1149
759,1343
760,559
760,759
760,1344
761,558
761,759
761,1344
762,558
762,758
762,1343
763,559
763,758
763,1343
764,381
764,558
764,758
764,1343
765,381
765,558
765,758
766,381
766,558
766,757
767,380
767,558
767,757
768,380
768,558
768,755
769,381
769,558
769,1342
770,380
770,558
771,381
771,558
771,754
772,381
772,558
773,381
773,558
773,754
774,381
774,557
774,751
774,966
774,1342
775,381
775,558
775,750
775,965
775,1342
776,381
776,557
776,750
776,965
776,1343
777,381
777,750
777,964
777,1342
778,381
778,750
778,963
778,1342
779,381
779,750
779,962
779,1343
780,381
780,749
780,962
780,1343
781,749
781,961
781,1343
782,749
782,961
782,1343
783,577
783,748
783,960
783,1342
784,382
784,578
784,748
784,960
784,1343
785,383
785,577
785,748
785,960
785,1342
786,384
786,577
786,747
786,958
786,1342
787,383
787,577
787,746
787,1342
788,576
788,746
788,1342
789,383
789,576
789,746
789,952
789,1342
790,382
790,576
790,745
790,946
790,1143
790,1342
791,382
791,575
791,946
791,1145
791,1342
792,382
792,575
792,945
792,1144
792,1342
793,382
793,575
793,945
793,1146
793,1342
794,382
794,575
794,944
794,1147
795,382
795,575
795,944
795,1148
796,383
796,575
796,944
796,1148
797,383
797,575
797,943
797,1149
798,382
798,575
798,942
798,1149
799,383
799,575
799,941
799,1149
800,383
800,575
800,940
800,1149
801,383
801,940
801,1149
802,383
802,938
802,1150
803,383
803,938
803,1155
804,383
804,573
805,383
805,573
806,573
806,1162
807,572
807,1162
808,571
808,1163
809,571
809,1163
810,570
810,1163
811,570
811,1164
812,571
812,1164
813,570
813,1165
814,570
814,1166
814,1374
815,571
815,1167
815,1353
815,1375
816,570
816,1167
816,1353
816,1375
817,570
817,1169
817,1351
817,1376
818,570
818,1170
818,1352
818,1375
819,569
819,1351
819,1364
819,1376
820,569
820,1351
820,1375
821,569
821,1351
821,1374
822,569
822,1351
822,1373
823,569
823,1354
824,568
825,568
826,377
826,382
827,380
828,379
829,381
830,382
831,382
832,383
833,384
834,384
834,960
835,385
835,958
835,980
836,387
836,958
836,981
837,384
837,393
837,401
837,958
837,982
838,400
838,957
838,983
839,400
839,970
840,402
840,959
840,982
841,403
841,958
841,983
842,403
842,959
842,982
843,404
843,982
844,404
845,405
845,1161
846,407
846,573
846,1162
847,408
847,573
847,1163
848,409
848,573
848,1163
849,574
849,1165
850,575
850,1165
851,575
851,1165
852,575
852,1165
853,577
853,1168
853,1184
854,578
854,1166
854,1176
854,1185
855,580
855,596
855,1166
855,1183
856,577
856,587
856,596
856,775
856,1185
857,594
857,775
857,1186
858,597
858,776
858,1186
859,597
859,777
859,1188
860,598
860,777
860,1189
861,599
861,777
861,1189
862,599
862,778
862,1190
862,1375
863,600
863,779
863,1193
863,1373
863,1397
864,601
864,779
864,1372
864,1398
865,598
865,603
865,779
865,1371
865,1398
866,780
866,1371
866,1398
867,780
867,1372
867,1396
868,780
868,1371
868,1398
869,781
869,990
869,1371
869,1399
870,781
870,989
870,1372
870,1398
871,989
871,1373
871,1398
872,990
872,1374
872,1396
873,989
874,785
874,989
875,990
876,423
876,790
876,989
877,421
877,790
877,989
878,420
878,791
878,989
879,418
879,791
879,989
880,418
880,790
880,989
881,417
881,791
881,989
882,416
882,791
882,990
883,416
883,792
883,990
884,415
884,792
884,989
885,414
885,793
885,989
886,415
886,793
887,413
887,794
888,406
888,413
888,795
889,406
889,795
890,398
890,407
890,796
891,398
891,408
892,396
893,396
893,988
894,395
894,988
895,395
895,988
896,394
896,988
897,394
897,988
897,1395
898,393
898,988
898,1397
899,392
899,988
899,1397
900,391
900,589
900,988
900,1398
901,390
901,588
901,988
901,1399
902,388
902,589
902,988
902,1399
903,589
903,988
903,1400
904,590
904,988
904,1400
905,591
905,611
905,988
905,1400
906,592
906,612
906,817
906,987
906,1401
907,594
907,612
907,815
907,988
907,1402
908,591
908,610
908,814
908,988
908,1401
909,592
909,613
909,814
909,987
909,1402
910,614
910,813
910,1402
911,614
911,812
911,1403
912,615
912,811
912,1402
913,615
913,811
913,1404
914,616
914,811
915,811
916,810
916,1407
917,809
918,809
919,809
919,1411
920,424
920,809
920,1413
921,424
921,808
921,1413
922,424
922,804
922,1413
923,423
923,1414
924,422
924,803
924,1414
925,423
925,802
925,1414
926,422
926,1415
927,422
927,797
927,1415
928,422
928,797
928,1415
929,421
929,796
929,1415
930,421
930,796
930,1417
931,422
931,796
931,1417
932,421
932,796
932,996
932,1417
933,421
933,795
933,994
933,1205
933,1418
934,421
934,795
934,994
934,1205
934,1418
935,421
935,795
935,994
935,1206
935,1420
936,420
936,794
936,994
936,1019
936,1207
937,793
937,994
937,1020
937,1208
938,793
938,997
938,1021
938,1208
939,792
939,1008
939,1209
940,791
940,996
940,1019
940,1210
941,421
941,790
941,996
941,1022
941,1210
942,420
942,790
942,997
942,1022
942,1210
943,1023
943,1210
944,1023
944,1211
945,417
945,1022
945,1211
946,417
946,1021
946,1211
947,417
947,1211
948,417
948,1212
949,417
949,1212
950,416
950,604
950,1216
951,416
951,603
952,416
952,603
952,1217
953,416
953,603
954,416
954,604
954,1219
955,416
955,605
955,1219
956,416
956,605
956,629
956,1223
957,415
957,607
957,629
957,1224
958,415
958,606
958,618
958,630
958,1225
959,415
959,608
959,628
959,1225
960,415
960,607
960,630
960,1225
961,415
961,631
961,1226
962,631
962,1225
963,633
963,1226
964,633
964,1226
965,633
965,1226
966,634
966,1228
967,1227
968,1229
969,1229
970,1230
971,1231
972,1232
984,1019
985,1017
985,1039
986,1016
986,1040
987,1016
987,1040
988,1019
988,1041
989,1017
989,1041
990,1017
990,1041
991,1017
991,1041
992,1018
992,1041
993,1040
993,1227
994,1227
995,1229
996,1229
997,1230
998,1230
999,1231
1000,1232
1000,1249
1001,1232
1001,1240
1001,1249
1002,844
1002,1232
1002,1247
1003,843
1003,1249
1004,624
1004,844
1004,1251
1005,624
1005,647
1005,843
1005,1251
1006,623
1006,647
1006,843
1006,1252
1007,623
1007,647
1007,843
1007,1252
1008,623
1008,648
1008,842
1008,1253
1009,635
1009,843
1009,1254
1010,624
1010,648
1010,842
1011,624
1011,648
1011,842
1012,624
1012,647
1012,842
1013,623
1013,647
1013,842
1014,843
1015,842
1016,842
1017,266
1017,842
1018,268
1018,843
1019,268
1019,841
1020,268
1021,267
1022,266
1023,266
1023,461
1024,265
1024,461
1024,841
1025,264
1025,459
1026,263
1026,460
1026,1033
1027,261
1027,459
1027,1035
1028,458
1028,839
1028,1036
1029,458
1029,840
1029,1037
1030,457
1030,839
1030,1039
1031,457
1031,840
1031,1039
1032,457
1032,839
1032,1040
1033,456
1033,840
1033,1040
1034,456
1034,839
1034,1040
1035,456
1035,839
1035,1042
1036,456
1036,840
1036,1042
1037,455
1037,839
1037,1042
1037,1050
1038,456
1038,839
1038,1060
1038,1248
1039,455
1039,839
1039,1058
1039,1249
1040,454
1040,839
1040,1059
1040,1250
1041,839
1041,1061
1041,1251
1042,839
1042,1060
1042,1251
1043,452
1043,642
1043,838
1043,1061
1043,1252
1044,452
1044,643
1044,838
1044,1062
1044,1253
1045,643
1045,838
1045,1062
1045,1253
1046,644
1046,838
1046,1063
1046,1254
1047,447
1047,645
1047,1064
1047,1254
1048,446
1048,645
1048,1065
1048,1255
1048,1262
1049,446
1049,646
1049,1067
1049,1255
1049,1263
1049,1274
1050,446
1050,647
1050,1265
1050,1274
1051,446
1051,647
1051,1273
1052,445
1052,647
1052,1273
1053,445
1053,648
1053,1275
1054,445
1054,648
1054,1275
1055,445
1055,648
1055,1276
1056,445
1056,649
1056,1276
1057,270
1057,444
1057,1277
1058,270
1058,443
1058,1278
1059,270
1059,443
1059,655
1059,1279
1060,269
1060,442
1060,1280
1061,269
1061,442
1061,655
1062,269
1062,442
1062,659
1063,269
1063,441
1063,659
1063,878
1064,268
1064,441
1064,659
1064,877
1065,269
1065,660
1065,875
1065,1064
1066,268
1066,660
1066,875
1066,1064
1067,269
1067,660
1067,874
1067,1065
1068,268
1068,661
1068,873
1068,1066
1069,268
1069,661
1069,873
1069,1066
1070,268
1070,661
1070,872
1070,1067
1071,268
1071,663
1071,871
1071,1067
1072,269
1072,473
1072,663
1072,870
1072,1068
1073,269
1073,473
1073,664
1073,853
1073,868
1073,1067
1074,473
1074,664
1074,852
1074,860
1074,871
1074,1068
1075,472
1075,665
1075,853
1075,1068
1076,472
1076,852
1076,1068
1077,268
1077,472
1077,851
1077,1069
1078,269
1078,472
1078,850
1078,1069
1079,471
1079,849
1079,1069
1080,471
1080,849
1080,1069
1081,267
1081,471
1081,848
1081,1069
1082,266
1082,470
1082,847
1082,1070
1083,265
1083,471
1083,847
1084,266
1084,471
1084,846
1085,266
1085,470
1086,266
1086,470
1087,266
1087,470
1088,265
1088,470
1089,266
1089,471
1089,1302
1090,265
1090,1077
1090,1301
1091,265
1091,1076
1091,1301
1092,265
1092,1076
1092,1300
1093,265
1093,1077
1093,1300
1094,265
1094,469
1094,1077
1094,1299
1095,265
1095,1077
1095,1281
1095,1299
1096,264
1096,1077
1096,1280
1096,1295
1097,265
1097,1077
1097,1282
1097,1298
1098,265
1098,467
1098,1078
1098,1280
1098,1297
1099,467
1099,1078
1099,1277
1100,466
1100,1079
1100,1277
1101,466
1101,1079
1101,1276
1102,466
1102,1079
1102,1275
1103,466
1103,684
1103,1080
1103,1275
1104,465
1104,686
1104,1080
1104,1275
1105,466
1105,687
1105,1080
1105,1274
1106,465
1106,662
1106,687
1106,1080
1107,465
1107,663
1107,687
1107,1082
1108,465
1108,661
1108,687
1109,465
1109,673
1110,464
1110,661
1110,674
1110,686
1111,464
1111,659
1111,685
1111,866
1112,464
1112,660
1112,685
1112,868
1113,464
1113,660
1113,684
1113,869
1114,463
1114,661
1114,870
1115,463
1115,661
1115,871
1116,464
1116,872
1117,872
1118,874
1119,874
1120,874
1121,876
1122,293
1122,875
1122,882
1123,295
1123,884
1123,892
1124,298
1124,884
1124,891
1125,275
1125,297
1125,892
1126,272
1126,297
1126,892
1127,272
1127,297
1127,893
1128,284
1128,893
1128,1083
1129,272
1129,294
1129,894
1129,1083
1130,270
1130,295
1130,894
1130,1084
1131,270
1131,294
1131,896
1131,1084
1132,270
1132,294
1132,896
1132,1084
1132,1105
1133,271
1133,504
1133,897
1133,1086
1133,1107
1134,272
1134,502
1134,900
1134,1088
1134,1106
1135,501
1135,1087
1135,1106
1136,501
1136,1086
1136,1107
1137,500
1137,1087
1137,1108
1138,499
1138,1109
1139,499
1139,1109
1139,1302
1140,498
1140,1110
1140,1301
1140,1325
1141,497
1141,1108
1141,1300
1141,1326
1142,497
1142,1299
1142,1326
1143,493
1143,1299
1143,1327
1144,478
1144,488
1144,496
1144,1313
1145,477
1145,487
1145,1299
1145,1326
1146,477
1146,677
1146,1300
1146,1327
1147,476
1147,678
1147,1301
1147,1327
1148,476
1148,680
1148,1301
1148,1326
1149,475
1149,681
1149,1303
1149,1325
1150,474
1150,682
1150,1323
1151,474
1151,683
1152,474
1152,683
1153,472
1153,684
1154,472
1154,684
1155,470
1155,685
1156,470
1156,685
1157,687
1158,685
1158,694
1159,297
1159,694
1159,702
1160,298
1160,701
1161,298
1161,702
1162,298
1162,703
1163,298
1163,704
1164,298
1164,704
1165,298
1165,705
1166,298
1166,706
1166,917
1167,299
1167,706
1167,918
1168,299
1168,707
1168,919
1169,299
1169,708
1169,896
1169,917
1170,299
1170,709
1170,896
1170,917
1171,299
1171,710
1171,894
1171,914
1172,299
1172,895
1172,916
1173,299
1173,502
1173,894
1173,915
1173,1138
1174,299
1174,503
1174,893
1174,915
1174,1136
1175,300
1175,503
1175,893
1175,1135
1176,503
1176,894
1176,1134
1177,503
1177,895
1177,1133
1178,503
1178,1133
1179,302
1179,503
1179,1133
1180,504
1180,1131
1181,504
1181,1112
1181,1130
1182,504
1182,1111
1182,1121
1182,1131
1183,302
1183,504
1183,1111
1183,1130
1184,302
1184,504
1184,1110
1185,302
1185,504
1185,1109
1186,302
1186,504
1186,1108
1187,302
1187,504
1187,1108
1188,302
1188,505
1188,1107
1189,302
1189,504
1189,1106
1190,302
1190,505
1190,1106
1190,1329
1191,302
1191,1105
1191,1329
1191,1339
1192,303
1192,1330
1193,302
1193,1328
1194,303
1194,507
1194,1326
1195,303
1195,1326
1196,303
1196,1326
1197,304
1197,1325
1198,304
1198,507
1198,1324
1199,304
1199,507
1199,1325
1200,304
1200,508
1201,507
1202,508
1203,508
1204,507
1205,508
1206,508
1207,508
1208,509
1209,508
1210,509
1210,914
1211,509
1211,915
1212,509
1212,916
1213,510
1213,917
1214,510
1214,918
1214,1158
1215,510
1215,918
1215,1157
1216,919
1216,1156
1217,336
1217,920
1217,1156
1218,335
1218,921
1218,1154
1219,333
1219,921
1219,928
1219,937
1219,1154
1220,333
1220,921
1220,930
1220,938
1220,1154
1221,331
1221,937
1221,1153
1222,331
1222,938
1222,1153
1223,331
1223,939
1223,1152
1224,330
1224,939
1224,1152
1225,330
1225,940
1225,1152
1226,329
1226,941
1226,1152
1227,328
1227,942
1227,1150
1228,327
1228,543
1228,942
1229,321
1229,328
1229,542
1229,943
1230,311
1230,321
1230,541
1230,1145
1231,311
1231,540
1231,1144
1232,310
1232,539
1232,1142
1233,310
1233,538
1233,1140
1234,309
1234,538
1234,1140
1235,309
1235,537
1235,1140
1236,308
1236,537
1236,1139
1237,307
1237,536
1237,1139
1238,307
1238,535
1238,1138
1239,306
1239,535
1239,1138
1240,305
1240,535
1240,1138
1241,304
1241,534
1241,1137
1242,301
1242,534
1242,1136
1243,528
1243,1136
1244,527
1244,1134
1245,722
1245,1134
1246,520
1246,724
1247,519
1247,724
1248,518
1248,726
1249,518
1249,726
1250,518
1250,728
1251,517
1251,728
1252,517
1252,728
1253,516
1253,729
1253,941
1254,515
1254,729
1254,940
1255,515
1255,733
1255,942
1256,514
1256,730
1256,738
1256,943
1257,513
1257,740
1257,746
1257,944
1257,1182
1258,512
1258,745
1258,945
1258,1182
1259,511
1259,747
1259,945
1259,1181
1260,511
1260,748
1260,946
1260,1181
1261,748
1261,946
1261,1180
1262,749
1262,947
1262,1179
1263,750
1263,947
1263,1179
1264,750
1264,947
1264,1179
1265,751
1265,949
1265,1178
1266,751
1266,952
1266,1178
1267,752
1267,1177
1268,1177
1269,955
1269,960
1269,1177
1270,959
1270,1177
1271,959
1271,1177
1272,961
1272,1177
1273,960
1273,1174
1274,961
1275,329
1275,961
1276,327
1276,349
1276,962
1277,327
1277,350
1277,963
1278,327
1278,349
1278,964
1279,339
1279,964
1279,1169
1280,327
1280,338
1280,350
1280,966
1280,1167
1281,328
1281,351
1281,967
1281,1167
1282,328
1282,351
1282,1167
1283,328
1283,350
1283,752
1283,1167
1284,349
1284,753
1284,1167
1285,754
1285,1167
1286,754
1286,1166
1287,754
1287,1166
1288,755
1288,1166
1289,755
1289,1165
1290,755
1290,1165
1291,756
1291,1164
1292,757
1292,1163
1293,757
1293,1162
1294,757
1294,1162
1295,757
1295,1162
1296,757
1297,757
1298,758
1298,963
1299,758
1299,964
1300,758
1300,964
1301,759
1301,966
1302,967
1303,762
1303,968
1304,968
1305,969
1306,970
1307,970
1308,765
1308,970
1309,765
1309,971
1310,765
1310,971
1311,765
1311,972
1312,766
1312,972
1313,346
1313,766
1313,977
1313,1213
1314,348
1314,766
1314,1212
1315,348
1315,766
1315,1210
1316,349
1316,766
1316,980
1316,1210
1317,350
1317,767
1317,984
1317,1209
1318,350
1318,767
1318,986
1318,1208
1319,351
1319,768
1319,986
1319,1208
1320,351
1320,768
1320,987
1320,1207
1321,352
1321,769
1321,987
1321,1206
1322,353
1322,769
1322,987
1322,1205
1323,353
1323,770
1323,988
1323,1191
1323,1198
1323,1206
1324,353
1324,770
1324,988
1324,1191
1325,354
1325,770
1325,989
1325,1190
1326,354
1326,989
1326,1189
1327,990
1327,1189
1328,361
1328,587
1328,992
1328,1188
1329,360
1329,586
1329,992
1329,1187
1330,585
1330,993
1330,1186
1331,364
1331,584
1331,1186
1332,365
1332,583
1332,1185
1333,366
1333,582
1334,366
1334,582
1335,367
1335,581
1336,367
1336,581
1337,367
1337,580
1337,799
1338,367
1338,580
1338,798
1339,368
1339,579
1339,797
1339,996
1340,369
1340,573
1340,579
1340,796
1340,995
1341,369
1341,571
1341,579
1341,795
1341,996
1342,371
1342,564
1342,570
1342,794
1342,997
1343,371
1343,562
1343,794
1343,997
1344,372
1344,563
1344,794
1344,998
1345,373
1345,562
1345,793
1345,998
1346,562
1346,793
1346,998
1347,561
1347,792
1347,999
1348,560
1348,792
1348,1000
1349,560
1349,793
1349,1000
1350,559
1350,791
1350,1000
1351,558
1351,1000
1352,558
1352,1000
1353,557
1353,785
1353,1001
1354,555
1354,1001
1355,553
1355,781
1355,1000
1356,780
1356,1001
1357,780
1357,1001
1358,779
1358,1002
1359,160
1359,779
1360,159
1360,394
1360,779
1361,159
1361,182
1361,393
1361,779
1361,1004
1362,159
1362,183
1362,392
1362,777
1363,160
1363,183
1363,391
1363,777
1363,1005
1364,171
1364,390
1364,776
1365,160
1365,183
1365,390
1365,776
1365,1007
1366,160
1366,184
1366,389
1366,774
1366,1008
1367,161
1367,185
1367,389
1367,773
1367,1009
1368,161
1368,185
1368,388
1368,773
1368,1008
1369,184
1369,388
1369,1009
1370,183
1370,387
1370,1009
1371,387
1371,1009
1372,387
1372,603
1372,1009
1373,387
1373,602
1373,1009
1374,386
1374,603
1374,1009
1375,386
1375,601
1375,1010
1376,601
1376,1010
1377,382
1377,601
1377,1011
1378,382
1378,600
1378,1011
1379,600
1379,1011
1380,379
1380,600
1380,1012
1381,376
1381,599
1381,1013
1382,375
1382,599
1382,1013
1383,375
1383,599
1383,1013
1384,375
1384,598
1385,375
1385,598
1385,1036
1386,374
1386,598
1386,1035
1387,374
1387,596
1387,1036
1388,374
1388,1036
1389,373
1389,595
1389,1035
1390,373
1390,1035
1391,372
1391,1034
1392,198
1392,371
1392,1035
1393,198
1393,371
1393,592
1393,826
1393,1034
1394,198
1394,370
1394,590
1394,826
1394,1035
1394,1249
1395,197
1395,369
1395,591
1395,826
1395,1034
1395,1250
1396,197
1396,590
1396,826
1396,1034
1396,1251
1397,197
1397,590
1397,800
1397,826
1397,1034
1397,1251
1398,196
1398,589
1398,799
1398,825
1398,1034
1398,1251
1399,195
1399,589
1399,798
1399,821
1399,1034
1399,1252
1400,196
1400,589
1400,800
1400,824
1400,1034
1400,1252
1401,195
1401,589
1401,798
1401,824
1401,1034
1401,1252
1402,195
1402,589
1402,797
1402,822
1402,1033
1402,1252
1403,195
1403,588
1403,797
1403,823
1403,1033
1403,1252
1404,194
1404,587
1404,797
1404,1033
1404,1252
1405,195
1405,587
1405,797
1405,1252
1406,195
1406,586
1406,798
1406,1252
1407,194
1407,586
1407,797
1407,1253
1408,195
1408,1253
1409,194
1409,1253
1410,194
1410,1253
1412,1030
1413,194
1413,1029
1414,192
1414,1030
1415,1030
1416,608
1416,1029
1417,607
1417,1029
1418,191
1418,608
1418,1029
1418,1255
1419,190
1419,609
1419,1029
1419,1256
1420,189
1420,609
1420,1029
1420,1256
1421,189
1421,610
1421,1029
1421,1256
1422,188
1422,390
1422,610
1422,1029
1422,1256
1423,189
1423,390
1423,416
1423,611
1423,1029
1423,1257
1424,188
1424,389
1424,417
1424,611
1424,1028
1424,1257
1425,189
1425,389
1425,417
1425,612
1425,1028
1425,1257
1426,188
1426,403
1426,612
1426,1028
1426,1257
1427,188
1427,390
1427,415
1427,613
1427,1027
1427,1257
1428,188
1428,390
1428,418
1428,612
1428,852
1428,1028
1428,1257
1429,188
1429,391
1429,417
1429,613
1429,852
1429,1027
1429,1258
1430,187
1430,391
1430,417
1430,613
1430,850
1430,1027
1430,1258
1431,188
1431,392
1431,416
1431,613
1431,850
1431,1026
1431,1258
1432,187
1432,415
1432,614
1432,849
1432,1258
1433,187
1433,614
1433,848
1433,1258
1434,186
1434,614
1434,847
1434,1258
1435,186
1435,847
1436,618
1436,846
1437,619
1437,846
1438,845
1439,845
1440,845
1441,623
1441,844
1442,213
1442,623
1442,844
1443,213
1443,624
1443,844
1444,213
1444,624
1444,844
1445,214
1445,624
1446,213
1446,624
1446,837
1446,1045
1447,213
1447,624
1447,1045
1448,213
1448,625
1448,1046
1449,213
1449,624
1449,832
1449,1047
1450,213
1450,625
1450,831
1450,1047
1451,213
1451,626
1451,830
1451,1048
1452,213
1452,626
1452,830
1452,1050
1452,1068
1453,213
1453,627
1453,830
1453,1052
1453,1068
1454,213
1454,628
1454,830
1454,1049
1454,1065
1455,213
1455,440
1455,628
1455,829
1455,1050
1455,1068
1456,213
1456,439
1456,629
1456,829
1456,1069
1457,213
1457,438
1457,630
1457,829
1457,1070
1458,214
1458,438
1458,629
1458,828
1458,1071
1459,214
1459,437
1459,827
1459,1071
1460,436
1460,826
1460,1072
1461,435
1461,826
1461,1072
1462,435
1462,825
1462,1072
1463,214
1463,434
1463,824
1464,433
1464,822
1465,434
1466,433
1467,214
1467,433
1467,654
1468,214
1468,433
1468,653
1469,214
1469,433
1469,653
1470,214
1470,433
1470,652
1471,214
1471,432
1471,652
1472,214
1472,430
1472,651
1472,870
1473,214
1473,429
1473,650
1473,870
1474,214
1474,427
1474,650
1474,870
1475,214
1475,427
1475,650
1475,870
1476,213
1476,649
1476,869
1477,214
1477,649
1477,869
1478,213
1478,423
1478,649
1478,868
1479,213
1479,422
1479,649
1479,868
1480,214
1480,421
1480,649
1480,868
1481,214
1481,422
1481,648
1481,867
1482,214
1482,421
1482,867
1483,214
1483,420
1483,867
1484,420
1484,644
1484,867
1485,420
1485,644
1485,867
1486,420
1486,867
1487,419
1487,867
1488,419
1488,640
1488,867
1489,418
1489,639
1489,866
1490,418
1490,640
1491,417
1491,639
1492,416
1492,639
1493,416
1493,639
1493,1074
1494,415
1494,638
1494,1074
1495,638
1495,1074
1496,219
1496,638
1496,1074
1497,221
1497,637
1497,861
1497,1075
1497,1096
1498,223
1498,636
1498,861
1498,1077
1498,1096
1499,223
1499,636
1499,862
1499,1077
1499,1087
1499,1098
1500,225
1500,636
1500,861
1500,1076
1500,1097
1501,225
1501,634
1501,861
1501,1077
1501,1098
1502,226
1502,634
1502,861
1502,1078
1502,1099
1503,227
1503,861
1503,1099
1504,227
1504,861
1504,1099
1505,227
1505,861
1505,1099
1506,227
1506,860
1507,228
1507,860
1508,229
1508,860
1509,230
1509,859
1510,229
1510,234
1510,239
1510,858
1511,237
1511,859
1512,237
1512,859
1513,243
1513,857
1514,244
1515,244
1516,245
1517,245
1518,244
1518,441
1519,246
1519,439
1519,462
1520,246
1520,439
1520,462
1520,652
1521,247
1521,439
1521,463
1521,655
1522,247
1522,442
1522,464
1522,656
1523,248
1523,440
1523,463
1523,657
1524,249
1524,440
1524,464
1524,658
1525,250
1525,440
1525,464
1525,658
1525,1128
1526,251
1526,441
1526,463
1526,659
1526,1128
1527,253
1527,461
1527,659
1527,1126
1528,660
1528,1126
1529,660
1529,1126
1530,660
1530,668
1530,1125
1531,661
1531,678
1531,907
1531,1124
1532,662
1532,671
1532,678
1532,907
1532,1124
1533,679
1533,905
1533,1123
1534,679
1534,905
1534,1123
1535,680
1535,904
1535,1123
1536,680
1536,904
1536,1122
1537,681
1537,883
1537,902
1537,1122
1538,682
1538,882
1538,900
1538,1122
1539,683
1539,884
1539,902
1539,1122
1540,683
1540,882
1540,901
1540,1122
1541,684
1541,879
1541,901
1541,1121
1542,685
1542,879
1543,687
1543,879
1544,878
1544,1115
1545,878
1546,877
1547,481
1547,878
1548,481
1548,1112
1549,481
1549,1110
1550,481
1550,1111
1551,480
1551,1111
1552,272
1552,480
1552,1110
1553,273
1553,480
1553,1110
1554,273
1554,479
1554,1110
1555,272
1555,480
1555,1109
1556,272
1556,479
1556,1109
1557,271
1557,479
1557,1108
1558,253
1558,270
1558,479
1558,1108
1559,251
1559,267
1559,479
1559,1108
1560,253
1560,269
1560,479
1560,1106
1561,250
1561,269
1561,479
1561,1106
1562,249
1562,479
1562,1105
1563,248
1563,479
1563,1104
1564,247
1564,478
1564,1104
1565,248
1565,479
1566,247
1567,246
1568,478
1569,478
1571,710
1572,711
1573,709
1574,476
1574,710
1575,474
1575,708
1576,475
1576,687
1576,708
1577,475
1577,687
1577,706
1578,474
1578,697
1579,474
1579,686
1579,706
1579,930
1580,474
1580,686
1580,705
1580,933
1581,474
1581,684
1581,933
1582,475
1582,684
1582,909
1582,933
1583,474
1583,684
1583,909
1583,932
1584,85
1584,474
1584,683
1584,921
1585,83
1585,474
1585,684
1585,908
1585,931
1586,83
1586,473
1586,907
1586,931
1587,83
1587,473
1587,906
1587,930
1588,82
1588,473
1588,906
1588,930
1589,82
1589,473
1589,907
1590,81
1590,473
1590,907
1591,81
1591,473
1592,80
1592,473
1593,79
1594,79
1595,78
1595,301
1596,78
1596,299
1597,298
1598,296
1599,296
1600,295
1601,294
1602,294
1603,293
1604,293
1605,292
1606,291
1606,710
1607,285
1607,292
1607,711
1608,284
1608,712
1609,278
1609,713
1610,276
1610,713
1611,276
1611,714
1612,275
1612,715
1613,274
1613,715
1613,959
1614,274
1614,715
1614,958
1615,273
1615,716
1615,958
1616,273
1616,716
1616,957
1617,272
1617,717
1617,956
1618,272
1618,717
1618,955
1619,270
1619,717
1619,955
1620,268
1620,718
1620,955
1621,719
1621,954
1622,954
1623,724
1623,954
1623,1159
1623,1165
1624,99
1624,724
1624,954
1624,1162
1625,98
1625,953
1625,1163
1626,98
1626,953
1626,1164
1627,97
1627,730
1627,952
1627,1164
1628,97
1628,730
1628,1165
1629,97
1629,731
1629,1166
1630,96
1630,731
1630,1166
1631,96
1631,731
1631,1167
1632,96
1632,731
1632,1168
1633,96
1633,732
1633,944
1633,1167
1634,95
1634,733
1634,944
1634,1167
1634,1176
1634,1184
1635,95
1635,733
1635,944
1635,1184
1636,95
1636,734
1636,944
1636,1184
1637,95
1637,734
1637,943
1637,1185
1638,95
1638,735
1638,943
1638,1186
1639,95
1639,296
1639,735
1639,942
1639,1186
1640,95
1640,297
1640,737
1640,942
1640,1188
1641,298
1641,737
1641,942
1641,1187
1642,95
1642,299
1642,738
1642,941
1642,1188
1643,95
1643,300
1643,940
1643,1189
1644,94
1644,300
1644,940
1644,1190
1645,301
1645,940
1646,301
1646,938
1647,92
1647,302
1647,750
1647,937
1648,91
1648,302
1648,750
1649,91
1649,303
1649,750
1650,90
1650,303
1650,751
1651,90
1651,303
1651,750
1652,90
1652,304
1652,750
1653,89
1653,310
1653,751
1653,982
1654,89
1654,310
1654,750
1654,983
1655,90
1655,750
1655,982
1656,89
1656,751
1656,982
1657,89
1657,314
1657,751
1657,982
1658,89
1658,316
1658,751
1658,982
1659,89
1659,315
1659,751
1659,982
1660,88
1660,316
1660,751
1660,981
1661,88
1661,316
1661,751
1661,981
1662,88
1662,316
1662,751
1662,981
1663,87
1663,317
1663,752
1663,981
1664,87
1664,318
1664,751
1664,980
1665,88
1665,318
1665,751
1665,980
1666,318
1666,980
1667,320
1667,753
1667,980
1668,320
1668,752
1668,980
1669,321
1669,980
1670,113
1670,323
1670,980
1671,113
1672,114
1673,113
1674,113
1674,753
1674,978
1675,114
1675,753
1676,114
1676,754
1677,114
1677,754
1677,977
1678,114
1678,754
1678,977
1679,114
1679,754
1679,977
1680,114
1680,754
1680,976
1681,114
1681,754
1681,976
1682,114
1682,754
1682,976
1683,115
1683,754
1683,976
1684,115
1684,754
1684,976
1685,115
1685,754
1685,976
1686,115
1686,352
1686,755
1686,975
1687,115
1687,351
1687,755
1687,976
1688,115
1688,350
1688,755
1688,975
1689,348
1689,755
1689,975
1690,347
1690,755
1690,975
1691,347
1691,755
1691,974
1692,118
1692,346
1692,974
1693,117
1693,345
1693,545
1693,974
1694,345
1694,546
1694,974
1695,344
1695,547
1696,117
1696,343
1696,547
1696,774
1697,117
1697,343
1697,548
1697,774
1698,118
1698,343
1698,548
1698,774
1699,118
1699,342
1699,549
1699,775
1699,996
1700,118
1700,342
1700,550
1700,775
1700,996
1701,118
1701,336
1701,550
1701,775
1701,997
1702,117
1702,335
1702,551
1702,776
1702,998
1703,118
1703,334
1703,551
1703,777
1703,998
1704,118
1704,329
1704,551
1704,777
1704,999
1705,118
1705,328
1705,551
1705,777
1705,1000
1706,118
1706,327
1706,551
1706,777
1706,1000
1707,118
1707,327
1707,778
1707,1001
1708,119
1708,326
1708,556
1708,777
1708,1001
1709,119
1709,326
1709,778
1709,1002
1710,119
1710,326
1710,778
1710,1002
1711,119
1711,325
1711,558
1711,778
1711,1003
1712,120
1712,324
1712,561
1712,1002
1713,120
1713,324
1713,562
1713,1002
1714,120
1714,323
1714,562
1714,781
1714,1003
1715,322
1715,562
1715,1003
1716,321
1716,563
1717,320
1717,563
1717,1008
1718,563
1718,784
1719,564
1719,784
1719,1008
1720,564
1720,785
1721,564
1721,784
1721,1010
1722,566
1722,784
1722,1012
1723,566
1723,785
1723,1014
1724,567
1724,785
1724,1014
1725,568
1725,786
1725,1014
1726,786
1726,1014
1727,786
1727,1015
1728,786
1728,1015
1729,787
1729,1016
1730,158
1730,787
1730,1016
1731,156
1731,787
1731,1016
1732,156
1732,788
1732,1016
1733,155
1733,789
1733,1017
1734,154
1734,1018
1735,154
1735,1019
1736,153
1736,1020
1737,152
1737,1020
1738,151
1738,1021
1739,148
1740,134
1740,142
1740,151
1740,570
1741,132
1741,141
1741,150
1741,571
1742,133
1742,572
1743,131
1743,349
1743,573
1744,131
1744,349
1744,574
1744,1029
1745,130
1745,349
1745,373
1745,575
1745,1030
1746,130
1746,350
1746,373
1746,575
1746,1031
1747,130
1747,351
1747,363
1747,374
1747,576
1747,1031
1748,128
1748,350
1748,371
1748,577
1748,1032
1749,128
1749,351
1749,375
1749,577
1749,1032
1750,128
1750,351
1750,376
1750,578
1750,1033
1751,351
1751,376
1751,578
1751,1033
1752,352
1752,375
1752,578
1752,1034
1753,374
1753,578
1753,824
1753,1034
1754,372
1754,585
1754,824
1754,1034
1755,824
1755,1034
1756,823
1756,1034
1757,591
1757,802
1757,823
1757,1034
1758,591
1758,801
1758,821
1758,1035
1759,592
1759,803
1759,822
1759,1035
1760,592
1760,800
1760,822
1761,592
1761,798
1761,821
1761,1039
1762,593
1762,798
1762,821
1763,594
1763,798
1763,1039
1764,594
1764,799
1765,594
1765,800
1765,1042
1766,595
1766,1043
1767,596
1767,1043
1768,598
1768,1043
1769,598
1769,1044
1770,1044
1771,1044
1772,1044
1773,1045
1774,1045
1775,1046
1776,151
1776,403
1776,1046
1777,153
1777,402
1777,1046
1778,155
1778,401
1778,1048
1779,156
1779,401
1779,1048
1780,157
1780,400
1781,158
1781,399
1782,158
1782,398
1783,158
1783,398
1784,159
1784,397
1785,160
1785,170
1785,396
1786,159
1786,168
1786,396
1786,1081
1787,160
1787,176
1787,396
1787,1081
1788,175
1788,395
1788,1080
1789,176
1789,395
1789,1080
1790,177
1790,395
1790,1079
1791,177
1791,395
1791,1078
1792,178
1792,1078
1793,179
1793,858
1793,1078
1794,180
1794,390
1794,856
1794,1077
1795,180
1795,855
1795,1077
1796,181
1796,854
1796,1076
1797,183
1797,385
1797,853
1797,1076
1798,384
1798,852
1798,1076
1799,384
1799,851
1799,1075
1800,383
1800,851
1800,1076
1801,383
1801,851
1801,1075
1802,383
1802,849
1802,1076
1803,383
1803,833
1803,841
1803,850
1803,1072
1804,382
1804,835
1804,850
1805,382
1805,833
1805,1070
1806,381
1806,831
1806,1070
1807,381
1807,832
1808,380
1808,830
1809,379
1809,830
1809,1067
1810,378
1810,829
1810,1066
1811,377
1811,828
1811,1066
1812,827
1812,1066
1813,827
1813,1066
1814,1065
1815,1065
1816,1065
1817,1065
1818,1064
1819,1064
1820,1063
1821,1062
1822,431
1822,1062
1823,431
1823,1061
1824,430
1824,1060
1825,429
1825,1060
1826,428
1826,1094
1827,427
1827,1095
1828,426
1828,1095
1829,426
1829,1095
1830,426
1830,1096
1831,425
1831,1097
1832,424
1832,1096
1833,424
1833,1097
1834,424
1834,1098
1835,424
1835,1098
1836,423
1836,660
1836,1098
1837,422
1837,658
1837,1098
1838,657
1838,1098
1839,418
1839,656
1839,1099
1840,656
1840,1098
1841,655
1841,1099
1842,414
1842,654
1842,1099
1843,413
1843,634
1843,652
1843,1099
1844,412
1844,634
1844,644
1844,653
1844,1099
1845,412
1845,635
1845,653
1845,1100
1846,411
1846,634
1846,653
1847,411
1847,632
1848,411
1848,631
1849,411
1849,631
1850,410
1850,630
1851,409
1851,630
1851,1103
1852,408
1852,629
1853,409
1853,626
1853,631
1853,1105
1854,407
1854,1105
1855,406
1855,1106
1856,405
1856,1106
1857,1106
1858,1106
1859,1106
1860,1107
1861,1107
1862,1107
1863,1107
1864,1108
1865,1108
1866,1108
1867,1109
1868,1109
1869,1109
1870,1109
1871,210
1871,659
1871,1110
1872,207
1872,660
1873,208
1873,661
1874,208
1874,430
1874,662
1875,208
1875,431
1875,662
1876,210
1876,433
1876,663
1877,210
1877,224
1877,232
1877,433
1877,664
1878,213
1878,234
1878,434
1878,665
1879,211
1879,224
1879,233
1879,435
1879,666
1880,211
1880,232
1880,436
1880,666
1881,211
1881,235
1881,436
1881,666
1882,212
1882,235
1882,437
1882,667
1883,237
1883,438
1883,667
1884,237
1884,438
1884,447
1884,667
1885,237
1885,437
1885,447
1885,455
1885,667
1886,237
1886,454
1886,667
1887,236
1887,455
1887,674
1888,455
1888,674
1889,457
1890,457
1890,675
1891,458
1891,678
1892,459
1892,680
1893,459
1893,680
1894,461
1894,681
1895,461
1895,681
1896,463
1896,681
1897,682
1898,682
1899,682
1900,683
1901,684
1902,684
1903,685
1904,686
1905,688
1908,470
1909,471
1910,471
1911,471
1912,471
1913,472
1913,713
1914,472
1914,712
1915,472
1915,712
1916,472
1916,712
1917,472
1917,711
1918,473
1918,711
1919,473
1919,710
1920,474
1920,710
1921,473
1921,710
1922,473
1922,709
1923,473
1923,709
1924,474
1924,709
1925,474
1925,708
1926,709
1927,708
1928,477
1928,708
1928,946
1929,476
1929,708
1929,949
1930,950
1931,925
1931,950
1932,704
1932,924
1932,950
1933,478
1933,922
1933,947
1934,478
1934,934
1935,479
1935,922
1935,948
1936,479
1936,701
1936,920
1936,947
1937,479
1937,702
1937,921
1937,947
1938,479
1938,701
1938,921
1938,946
1939,479
1939,701
1939,921
1940,479
1940,700
1940,922
1941,479
1941,700
1941,924
1942,479
1942,700
1943,480
1943,700
1944,480
1944,700
1945,480
1945,699
1946,480
1946,699
1947,481
1947,699
1948,481
1948,698
1949,481
1949,698
1950,482
1950,697
1951,696
1952,513
1952,696
1953,513
1954,512
1955,512
1955,740
1956,512
1956,740
1957,511
1957,739
1958,511
1958,739
1959,511
1959,740
1960,510
1960,739
1960,953
1961,510
1961,739
1961,954
1962,509
1962,739
1962,955
1963,510
1963,738
1963,956
1964,510
1964,738
1964,957
1965,509
1965,738
1965,958
1966,509
1966,738
1966,959
1967,509
1967,738
1967,959
1968,509
1968,738
1968,959
1969,510
1969,738
1969,960
1970,737
1970,960
1971,738
1971,961
1972,961
1973,961
1974,961
1975,966
1978,503
1978,969
1979,504
1979,734
1979,973
1980,503
1980,734
1980,973
1981,503
1981,735
1981,974
1982,503
1982,734
1982,974
1983,504
1983,734
1983,975
1984,503
1984,734
1984,975
1985,503
1985,734
1985,976
1986,503
1986,734
1986,976
1987,502
1987,734
1987,976
1988,503
1988,734
1988,977
1989,505
1989,733
1989,978
1990,734
1990,979
1991,733
1991,980
1992,733
1992,981
1993,733
1994,536
1994,732
1995,536
1995,732
1996,535
1997,536
1998,536
1999,537
2000,539
2000,1006
2001,777
2001,1006
2002,777
2002,1005
2003,776
2003,1005
2004,775
2004,1005
2005,775
2005,1005
2006,775
2006,1004
2007,774
2007,1004
2008,773
2008,1004
2009,773
2009,1003
2010,773
2010,1003
2011,773
2011,1003
2012,772
2012,1004
2013,772
2013,1003
2014,772
2014,1003
2015,772
2015,1003
2016,772
2017,768
2019,768
2022,764
2023,764
2023,999
2024,764
2024,999
2025,763
2025,998
2026,763
2026,998
2027,763
2027,998
2028,763
2028,998
2029,762
2029,998
2030,762
2030,998
2031,762
2031,997
2032,761
2032,997
2033,761
2033,997
2034,760
2034,996
2035,759
2035,996
2036,759
2036,996
2037,996
2038,995
2041,808
2041,1024
2042,806
2042,1026
2043,807
2043,1026
2044,807
2044,1026
2045,806
2045,1027
2046,806
2046,1028
2047,805
2047,1027
2048,805
2048,1028
2049,805
2049,1029
2050,805
2050,1029
2051,804
2051,1029
2052,804
2052,1029
2053,804
2053,1030
2054,804
2054,1030
2055,804
2055,1030
2056,804
2056,1030
2057,804
2057,1031
2058,802
2059,802
2060,800
2061,800
2061,1034
2062,800
2064,1037
2065,1038
2066,798
2066,1037
2067,797
2067,1038
2068,798
2068,1038
2069,797
2069,1038
2070,796
2070,1039
2071,797
2071,1038
2072,796
2072,1039
2073,797
2073,1039
2074,796
2074,1040
2075,796
2075,1040
2076,796
2076,1040
2077,795
2077,1042
2078,795
2078,1042
2079,795
2079,1043
2080,794
2081,794
2082,792
2100,846
2101,851
2102,854
2103,856
