2160*1622
54,587
55,588
56,589
57,589
58,590
59,591
60,592
61,592
62,593
63,594
64,594
65,594
65,599
66,608
67,602
67,609
68,607
69,609
70,609
71,609
72,610
72,814
73,611
73,815
74,612
74,817
75,612
75,817
76,614
76,816
77,615
77,816
78,617
78,815
80,809
81,801
81,807
82,802
83,801
84,800
85,799
86,799
87,799
88,798
89,798
90,796
91,796
92,794
93,793
95,610
96,610
97,611
98,612
99,613
100,613
101,613
102,614
103,614
104,615
105,615
106,615
107,615
108,615
109,616
110,616
111,617
112,616
113,618
114,844
115,842
116,620
116,842
117,841
118,840
119,840
120,625
120,839
121,626
121,838
122,626
122,838
123,625
123,837
124,625
124,837
125,626
125,837
126,626
126,836
127,626
127,836
128,627
129,627
130,627
131,628
131,829
132,628
132,823
133,629
133,823
134,629
134,824
135,630
135,823
136,631
136,822
137,631
137,822
138,631
138,822
139,821
140,820
141,820
142,819
143,818
144,632
144,817
145,633
145,816
146,633
146,1042
147,634
147,1042
148,634
148,1042
149,635
149,1042
150,635
150,1042
151,636
151,1042
152,636
152,1042
153,636
153,1042
154,636
154,1042
155,636
155,1041
156,637
156,1041
157,637
157,1041
158,637
158,1041
159,637
159,1041
160,638
160,1040
161,637
161,1040
162,639
162,1041
163,1041
165,839
166,641
166,839
167,641
167,840
168,842
168,1070
169,644
169,842
169,1071
170,645
170,843
170,1070
171,645
171,843
171,1070
172,645
172,844
172,1070
173,646
173,845
173,1070
174,646
174,845
174,1070
175,646
175,845
175,1069
176,646
176,846
176,1070
177,646
177,847
177,1069
178,647
178,1069
179,647
179,853
179,1070
180,647
180,853
180,860
180,1070
181,648
181,860
181,1069
182,649
182,861
182,1069
183,648
183,861
183,1069
184,649
184,861
184,1069
185,649
185,862
186,650
186,862
187,650
187,863
188,651
188,863
189,865
189,1068
190,865
190,1068
191,867
192,868
193,1067
194,1066
195,1067
196,1067
197,1066
198,649
198,1067
199,650
199,1066
200,652
200,1067
201,652
201,1066
202,653
202,1066
203,654
203,1066
204,654
204,1066
205,655
205,1066
206,656
206,1065
207,656
207,1065
208,656
208,1065
209,656
209,1065
210,657
210,860
211,657
211,862
212,659
212,863
213,863
214,865
215,663
215,865
215,1100
216,663
216,866
216,1100
217,667
217,867
217,1099
218,669
218,867
218,1098
219,669
219,867
219,1099
220,669
220,868
220,1098
221,670
221,868
221,1098
222,670
222,869
222,1098
223,670
223,869
223,1097
224,671
224,870
224,1097
225,672
225,875
225,1097
226,672
226,875
226,1096
227,673
227,1096
228,674
228,878
228,884
228,1096
229,675
229,882
229,1096
230,675
230,884
230,1096
231,677
231,884
231,1096
232,885
232,1096
232,1307
233,885
233,1094
233,1308
234,885
234,1310
235,885
235,1310
236,886
236,1093
236,1310
237,887
237,1310
238,887
238,1310
239,889
239,1092
239,1311
240,889
240,1090
240,1310
241,688
241,891
241,1090
242,689
242,891
242,1090
243,688
243,893
243,1089
244,688
244,1090
245,688
245,1090
245,1313
246,687
246,1089
247,687
247,1089
248,687
248,1089
248,1313
249,687
249,1089
249,1315
250,687
250,1088
250,1316
251,687
251,1088
251,1316
252,687
252,1088
252,1316
253,687
253,1087
253,1316
254,687
254,895
254,1087
254,1317
255,687
255,895
255,1086
255,1316
256,687
256,896
256,1086
256,1317
257,687
257,896
257,1087
257,1317
258,687
258,897
258,1317
259,687
259,897
259,1318
260,897
260,1318
261,897
261,1318
262,898
262,1318
263,897
263,1318
264,685
264,898
264,1319
265,686
265,898
265,1319
266,685
266,898
266,1319
267,686
267,898
268,684
268,898
269,684
269,899
270,684
270,898
271,683
272,684
273,683
274,683
274,1132
275,683
275,900
275,1132
276,683
276,1131
277,683
277,1131
278,683
278,902
278,1130
279,683
279,903
279,1129
280,683
280,903
280,1128
281,683
281,902
281,1111
281,1128
282,682
282,903
282,1110
282,1126
283,682
283,903
283,1110
283,1118
283,1126
284,682
284,903
284,1111
285,682
285,904
285,1110
285,1352
286,682
286,903
286,1109
286,1352
287,904
287,1108
287,1330
287,1353
288,904
288,1108
288,1331
288,1353
289,904
289,1106
289,1330
289,1352
290,904
290,1106
290,1329
290,1352
291,703
291,905
291,1104
291,1332
291,1352
292,704
292,905
292,1102
292,1328
292,1351
293,704
293,906
293,1328
293,1349
294,705
294,906
294,1327
295,705
295,906
295,1328
296,706
296,1330
297,705
298,505
298,706
299,506
299,706
300,497
300,506
300,706
301,505
301,706
302,507
302,706
303,509
303,707
304,509
304,706
305,509
305,706
306,510
306,707
307,511
307,707
311,709
313,913
314,913
315,711
315,913
316,711
316,913
317,712
317,914
318,711
318,915
319,711
319,916
319,934
320,711
320,917
320,935
321,711
321,917
321,925
321,936
322,711
322,916
322,934
323,711
323,936
324,712
324,937
325,712
325,937
326,712
326,938
327,713
327,939
328,507
328,713
328,940
328,1356
329,508
329,713
329,1356
329,1605
330,508
330,713
330,1356
330,1605
331,509
331,713
331,1356
331,1604
332,509
332,1356
332,1603
333,510
333,1357
333,1379
333,1603
334,510
334,1358
334,1379
334,1602
335,511
335,1359
335,1379
335,1602
336,511
336,1359
336,1368
336,1379
336,1602
337,512
337,1360
337,1377
337,1601
338,512
338,1380
338,1601
339,512
339,1381
339,1597
339,1602
340,513
340,1381
340,1595
341,513
341,606
341,1382
342,514
342,1382
342,1588
342,1593
343,513
343,1383
343,1588
344,514
344,1588
345,512
345,516
345,1587
346,1587
347,1587
348,518
348,1586
349,519
349,1585
350,518
350,1585
351,1584
352,523
352,1583
353,523
353,721
353,1582
354,523
354,722
354,1580
355,524
355,721
355,744
355,1580
356,523
356,721
356,745
357,523
357,614
357,720
357,745
358,524
358,720
358,746
359,524
359,733
360,525
360,721
360,733
360,747
360,1160
361,525
361,621
361,721
361,746
361,963
361,1161
362,526
362,722
362,746
362,964
362,1163
363,526
363,744
363,964
363,1163
364,526
364,964
364,1165
365,527
365,964
365,1165
365,1408
366,528
366,942
366,963
366,1166
366,1407
367,528
367,942
367,961
367,1166
367,1407
368,529
368,942
368,957
368,1167
368,1406
369,529
369,942
369,961
369,1166
369,1405
370,940
370,958
370,1166
370,1405
371,940
371,1167
371,1404
372,940
372,1167
372,1403
373,938
373,1169
373,1403
374,939
374,1403
375,1403
376,1403
377,1174
377,1402
378,1180
378,1402
379,1180
380,1180
381,1180
382,1181
383,528
383,1181
384,529
384,1181
384,1393
385,530
385,1181
385,1393
386,531
386,1182
386,1393
387,532
387,1183
387,1393
388,532
388,1184
388,1392
389,533
389,1185
389,1392
390,533
390,1186
390,1391
391,534
391,1186
391,1391
392,535
392,1391
393,535
393,774
393,1390
394,536
394,772
394,1389
395,540
395,771
395,1388
396,770
396,984
396,1388
397,549
397,770
397,983
397,1387
398,547
398,769
398,984
399,548
399,769
399,983
400,548
400,768
400,983
401,549
401,767
401,983
402,550
402,766
402,982
403,550
403,766
403,982
404,551
404,765
404,982
405,551
405,760
405,766
405,982
406,552
406,982
406,1425
407,554
407,750
407,758
407,981
407,1425
408,554
408,751
408,981
408,1425
409,556
409,750
409,981
409,1425
410,750
410,981
410,1426
411,749
411,980
411,1425
412,749
412,979
412,1426
413,748
413,1214
413,1426
414,748
414,1214
414,1426
415,747
415,978
415,1213
415,1426
416,746
416,1212
416,1426
417,745
417,1212
417,1426
418,743
418,1211
418,1426
419,742
419,976
419,1210
419,1426
420,976
420,1192
420,1209
420,1426
421,976
421,1193
421,1202
421,1209
421,1426
422,975
422,1195
422,1210
423,975
423,1193
424,975
424,1192
425,975
425,1191
426,580
426,975
426,1190
427,578
427,974
427,1190
428,578
428,974
428,1189
429,576
429,974
429,1188
430,575
430,974
430,1186
430,1428
431,575
431,973
431,1428
432,574
432,973
432,1428
433,574
433,973
433,1428
434,574
434,789
434,972
434,1428
435,573
435,789
435,1429
436,572
436,789
436,1428
437,572
437,788
437,1429
438,572
438,788
438,1429
439,572
439,788
439,1429
440,572
440,788
440,1429
441,571
441,787
441,1429
442,787
442,1429
443,787
443,1429
444,787
444,1429
445,566
445,787
445,1429
446,787
446,1429
447,561
447,787
448,560
448,786
449,559
449,786
450,560
451,559
452,559
453,559
453,784
454,558
455,557
456,558
457,557
457,783
458,556
458,782
459,555
459,782
460,555
460,782
461,554
461,782
461,1219
461,1241
461,1471
462,553
462,782
462,1218
462,1242
462,1471
463,553
463,782
463,1217
463,1243
463,1470
464,782
464,1218
464,1242
464,1470
465,781
465,1217
465,1244
465,1468
466,781
466,1220
466,1243
466,1467
467,781
467,1218
467,1242
467,1467
468,781
468,1216
468,1244
468,1467
469,780
469,1217
469,1244
469,1448
469,1465
470,780
470,1219
470,1243
470,1448
470,1457
470,1466
471,780
471,1241
471,1450
471,1463
472,779
472,1448
473,779
473,1447
474,1447
475,1446
476,1445
477,1445
478,1443
479,1443
480,1440
485,580
486,580
487,578
488,579
488,599
488,687
489,579
489,601
490,580
490,602
491,582
491,601
492,582
492,601
492,799
492,1273
493,581
493,603
493,798
493,1272
494,579
494,603
494,799
494,1271
495,603
495,799
495,1270
496,603
496,800
496,1270
497,800
497,1269
498,801
498,820
498,1268
499,803
499,821
499,1268
500,802
500,812
500,821
500,1022
500,1268
501,811
501,821
501,1022
501,1267
502,822
502,1021
502,1267
502,1474
503,822
503,1021
503,1044
503,1267
503,1473
504,824
504,1022
504,1044
504,1266
504,1475
505,824
505,1023
505,1045
505,1266
505,1475
506,825
506,1024
506,1042
506,1266
506,1476
507,1025
507,1045
507,1265
507,1477
508,1025
508,1047
508,1263
508,1477
509,1047
509,1478
510,1047
510,1478
511,1047
511,1260
511,1479
512,1480
513,1258
513,1479
513,1486
514,1254
514,1480
514,1497
515,1254
515,1489
515,1497
516,1254
516,1497
517,1254
517,1497
518,1253
518,1498
519,1253
519,1499
520,1253
520,1499
521,1252
521,1500
522,1252
522,1500
523,836
523,1252
523,1501
524,605
524,836
524,1251
524,1502
525,605
525,836
525,1250
525,1504
526,608
526,836
526,1250
526,1505
527,608
527,837
527,1248
528,608
528,836
528,1248
529,609
529,837
529,1247
530,609
530,836
531,610
531,837
532,610
532,837
532,1292
533,610
533,837
533,1292
534,611
534,837
534,1292
535,612
535,837
535,1292
536,612
536,837
536,1292
537,837
537,1292
537,1527
538,837
538,1292
538,1525
539,837
539,1292
539,1526
540,618
540,838
540,1291
540,1525
541,622
541,838
541,1078
541,1292
541,1525
542,623
542,1077
542,1291
542,1525
543,623
543,1076
543,1292
543,1524
544,624
544,1075
544,1291
544,1524
545,624
545,838
545,1074
545,1291
545,1524
546,625
546,1073
546,1291
546,1523
547,625
547,1073
547,1291
547,1523
548,625
548,1072
548,1292
548,1523
549,626
549,839
549,1072
549,1291
549,1524
550,626
550,839
550,1070
550,1290
550,1523
551,628
551,840
551,1054
551,1064
551,1071
551,1523
552,629
552,839
552,1054
552,1061
552,1290
552,1523
553,630
553,840
553,1055
553,1522
554,631
554,840
554,1053
555,840
555,1053
556,840
556,1052
557,840
557,1052
558,840
558,1051
559,841
559,1050
560,840
560,1050
560,1290
561,841
561,1048
561,1290
561,1517
562,841
562,1047
562,1290
562,1516
563,841
563,1290
563,1517
564,841
564,1290
564,1517
565,841
565,1290
565,1516
566,841
566,1290
566,1517
567,841
567,1290
567,1517
568,841
568,1289
568,1516
569,1289
569,1516
570,1289
570,1516
571,1289
571,1515
572,1289
572,1515
573,1289
573,1515
574,658
574,1289
574,1514
575,657
575,1289
575,1513
576,655
576,881
576,1289
576,1326
576,1513
577,655
577,879
577,1289
577,1326
577,1513
578,654
578,878
578,1288
578,1326
578,1512
579,653
579,877
579,1325
580,653
580,876
580,1325
581,653
581,875
581,1324
582,652
582,875
582,1324
583,651
583,875
583,1324
584,645
584,651
584,874
584,1324
585,636
585,644
585,874
585,1324
586,638
586,873
586,1324
586,1537
587,636
587,873
587,1324
587,1537
588,636
588,872
588,1323
588,1536
589,635
589,873
589,1323
590,634
590,1323
591,634
591,1323
592,633
592,1323
593,632
593,862
593,1323
594,631
594,860
594,1322
595,630
595,860
595,1322
596,628
596,860
597,860
598,859
599,859
599,1320
600,858
600,1320
601,857
602,857
603,856
603,1318
604,854
604,1319
605,854
605,1318
606,1318
607,1319
608,1318
609,1318
610,1318
611,466
611,662
611,1318
612,464
612,662
612,1318
613,464
613,663
613,1318
614,462
614,663
614,1317
615,462
615,664
615,1317
616,461
616,664
616,1317
617,460
617,665
617,1316
618,460
618,665
618,1317
619,459
619,666
619,1316
620,458
620,666
620,1316
621,458
621,666
621,1109
621,1316
622,458
622,667
622,1109
622,1315
622,1355
623,450
623,457
623,667
623,878
623,1111
623,1315
623,1355
624,440
624,449
624,667
624,881
624,1111
624,1355
625,442
625,667
625,881
625,1112
625,1355
626,441
626,667
626,883
626,1113
626,1355
627,440
627,668
627,883
627,1113
627,1355
628,440
628,883
628,1114
628,1355
629,439
629,884
629,1114
629,1355
630,438
630,671
630,885
630,1115
630,1354
631,438
631,671
631,885
631,1115
631,1354
632,437
632,672
632,886
632,1116
632,1354
633,430
633,439
633,886
633,1116
633,1354
634,437
634,675
634,888
634,1116
634,1354
635,435
635,675
635,887
635,894
635,1117
635,1354
636,433
636,675
636,895
636,1117
636,1354
637,676
637,897
637,904
637,1118
637,1354
638,676
638,903
638,1120
638,1354
639,676
639,905
640,676
640,906
640,1122
641,677
641,906
642,677
642,906
642,1123
643,677
643,907
643,1128
644,677
644,908
644,1128
645,678
645,908
645,1129
645,1351
646,678
646,909
646,1129
646,1351
647,679
647,911
647,1130
647,1351
648,680
648,912
648,1130
648,1352
649,468
649,680
649,913
649,1129
649,1351
650,469
650,680
650,1130
650,1351
651,470
651,1131
651,1351
652,470
652,1132
652,1351
653,470
653,1132
653,1352
654,470
654,1132
654,1351
655,471
655,1134
655,1351
656,471
656,1134
656,1351
657,471
657,1134
657,1350
658,472
658,1135
658,1351
659,472
659,919
659,1136
659,1350
660,472
660,919
660,1137
660,1350
661,473
661,920
661,1350
662,473
662,920
662,1349
663,472
663,681
663,920
664,473
664,684
664,921
664,1374
665,474
665,685
665,921
665,1375
666,685
666,921
666,1376
667,686
667,921
667,1376
668,688
668,922
668,1377
669,476
669,688
669,922
669,1377
670,477
670,688
670,922
670,1378
671,477
671,689
671,922
671,1378
672,478
672,689
672,922
672,1378
673,689
673,922
673,1379
674,479
674,692
674,923
674,1379
675,480
675,692
675,923
675,1139
675,1379
676,480
676,700
676,708
676,923
676,1139
676,1379
677,480
677,700
677,709
677,923
677,1140
677,1380
678,480
678,707
678,1141
678,1380
679,480
679,709
679,1141
679,1380
680,481
680,710
680,1142
680,1380
681,481
681,710
681,925
681,1143
681,1380
682,481
682,711
682,1144
682,1164
682,1382
683,481
683,711
683,1146
683,1163
683,1382
684,482
684,712
684,1145
684,1153
684,1164
685,482
685,712
685,928
685,1162
686,482
686,714
686,927
686,1164
687,483
687,714
687,928
687,1164
688,483
688,716
688,928
688,1166
689,483
689,718
689,928
689,1167
690,485
690,928
690,1167
690,1388
691,485
691,928
691,1167
691,1388
692,928
692,1169
692,1389
693,500
693,929
693,1169
693,1389
694,501
694,929
694,1389
695,501
695,929
695,1388
696,501
696,930
696,1389
697,501
697,930
697,1390
698,501
698,930
698,1390
699,501
699,930
699,1390
700,501
700,738
700,931
700,1390
701,502
701,737
701,931
701,1391
702,502
702,737
702,931
702,1391
703,502
703,737
703,1392
704,502
704,736
704,1392
705,502
705,735
705,967
705,1393
706,502
706,735
706,967
706,1393
707,502
707,734
707,967
707,1173
707,1394
708,502
708,734
708,965
708,1173
709,502
709,734
709,965
709,1174
710,502
710,734
710,964
710,1174
710,1400
711,503
711,733
711,964
711,1175
711,1401
712,503
712,733
712,963
712,1176
712,1403
713,733
713,962
713,1176
713,1404
714,732
714,962
714,1177
714,1405
715,732
715,962
715,1177
715,1405
716,504
716,732
716,962
716,1178
716,1406
717,505
717,732
717,962
717,1179
717,1407
718,505
718,731
718,961
718,1178
718,1407
719,961
719,1179
719,1408
720,505
720,961
720,1179
720,1409
721,505
721,960
721,1179
721,1409
722,505
722,728
722,1180
722,1409
723,505
723,1179
723,1409
724,505
724,956
724,1181
724,1409
725,505
725,724
725,1410
726,506
726,724
726,1184
726,1411
727,505
727,725
727,954
727,1416
728,505
728,724
728,954
728,1416
729,506
729,724
729,950
729,1416
730,506
730,723
730,950
730,1186
730,1425
731,506
731,724
731,949
731,1190
731,1423
732,506
732,723
732,949
732,1190
732,1424
733,506
733,723
733,949
733,1190
733,1425
734,507
734,723
734,949
734,1191
734,1425
735,507
735,722
735,949
735,1191
735,1425
736,507
736,722
736,949
736,1191
736,1426
737,507
737,722
737,948
737,1191
737,1426
738,508
738,721
738,948
738,1192
738,1426
739,721
739,947
739,1193
739,1427
740,720
740,946
740,1193
740,1427
741,719
741,946
741,1193
741,1428
742,719
742,945
742,1194
742,1429
743,719
743,945
743,1194
743,1430
744,943
744,1195
744,1431
745,943
745,1195
745,1432
746,1196
746,1433
747,1197
748,1197
749,517
750,519
750,1438
751,519
751,1438
752,521
752,1440
753,521
753,740
753,1440
754,522
754,742
754,1442
755,522
755,744
755,1441
756,524
756,745
756,1442
757,523
757,745
757,1443
758,524
758,746
758,1443
759,525
759,747
759,1201
759,1443
760,525
760,531
760,747
760,1202
760,1444
761,532
761,747
761,1204
761,1444
762,533
762,540
762,748
762,1204
762,1444
763,539
763,749
763,1204
763,1444
764,540
764,749
764,975
764,1205
764,1445
765,540
765,749
765,757
765,974
765,998
765,1206
765,1445
766,541
766,757
766,973
766,997
766,1207
766,1445
767,541
767,759
767,767
767,973
767,997
767,1208
767,1446
768,541
768,765
768,974
768,998
768,1208
769,543
769,767
769,974
769,986
769,998
769,1210
770,544
770,767
770,973
770,998
770,1208
770,1216
770,1449
771,544
771,768
771,975
771,1000
771,1223
771,1449
772,546
772,769
772,975
772,1000
772,1224
773,547
773,769
773,975
773,999
773,1226
774,770
774,999
774,1227
774,1453
775,771
775,1227
775,1454
776,772
776,1228
776,1454
777,773
777,1229
777,1454
778,775
778,1229
778,1454
779,776
779,1230
779,1455
780,1232
780,1455
781,1233
781,1455
782,1235
782,1456
783,1456
784,1457
785,1456
786,1457
787,1458
788,1458
789,1459
790,1459
791,1459
794,1027
794,1262
795,575
795,581
795,1026
795,1261
796,576
796,1025
796,1260
797,575
797,1025
797,1259
798,574
798,1024
798,1259
799,573
799,1024
799,1258
800,573
800,771
800,1023
800,1258
801,572
801,774
801,1023
801,1258
802,571
802,774
802,1023
802,1257
803,570
803,774
803,1023
803,1256
804,570
804,775
804,1022
804,1256
805,568
805,777
805,1022
805,1256
806,552
806,561
806,569
806,777
806,1022
806,1256
807,552
807,561
807,777
807,1022
807,1256
808,553
808,562
808,778
808,1021
808,1255
809,552
809,780
809,797
809,1021
809,1254
810,550
810,778
810,789
810,798
810,1253
811,550
811,778
811,795
811,1250
812,550
812,797
812,1249
813,549
813,798
813,1017
813,1249
814,548
814,799
814,1249
815,547
815,800
816,547
816,801
816,1013
816,1245
817,544
817,801
817,1013
817,1243
818,543
818,802
818,1014
818,1243
819,803
819,1014
819,1243
820,804
820,1013
820,1243
821,1014
821,1242
822,1013
822,1242
823,1012
823,1242
824,1012
824,1242
825,1012
825,1241
826,1011
826,1241
827,1011
827,1240
828,1011
828,1239
829,1009
829,1239
830,1009
830,1238
831,1009
831,1237
832,1236
833,1236
835,1051
836,379
836,1051
837,381
837,1052
838,380
838,802
838,1051
839,380
839,804
839,1051
840,379
840,805
840,1051
841,378
841,577
841,806
841,1051
841,1267
842,378
842,575
842,808
842,1051
842,1268
843,377
843,576
843,808
843,1051
843,1268
844,376
844,576
844,808
844,1051
844,1270
845,355
845,374
845,577
845,809
845,1051
845,1271
846,355
846,366
846,376
846,577
846,809
846,1051
846,1271
847,355
847,365
847,374
847,578
847,810
847,1051
847,1272
848,355
848,579
848,810
848,1051
848,1273
849,353
849,580
849,810
849,1050
849,1273
850,353
850,583
850,601
850,811
850,1050
850,1273
851,353
851,580
851,591
851,600
851,811
851,1050
851,1274
852,352
852,580
852,593
852,603
852,811
852,817
852,1274
853,351
853,601
853,817
853,1275
854,350
854,602
854,1275
854,1280
855,349
855,603
855,820
855,1049
855,1282
856,349
856,604
856,820
856,827
856,1283
857,604
857,826
857,1288
858,605
858,827
858,1290
859,606
859,828
859,1291
860,605
860,827
860,1048
860,1291
861,828
861,1048
861,1291
862,828
862,1049
862,1292
863,828
863,1049
863,1293
864,829
864,1048
864,1293
865,830
865,1049
865,1293
866,830
866,1048
866,1294
867,832
867,1049
867,1296
868,833
868,1048
868,1297
869,834
869,1048
869,1298
870,836
870,1048
871,381
871,1048
872,382
872,1048
873,382
873,1048
873,1313
874,383
874,1048
874,1314
875,384
875,1047
875,1314
876,384
876,1047
876,1314
877,385
877,1046
877,1314
878,385
878,1314
879,386
879,607
879,1314
880,387
880,608
880,859
880,1094
880,1315
881,386
881,609
881,859
881,1093
881,1315
882,387
882,609
882,858
882,1092
882,1314
883,387
883,611
883,857
883,1091
883,1315
884,387
884,611
884,856
884,1091
884,1315
885,388
885,612
885,857
885,1090
885,1315
886,388
886,613
886,856
886,1089
886,1315
887,388
887,613
887,855
887,1089
887,1314
888,390
888,613
888,855
888,1089
888,1315
889,613
889,855
889,1088
889,1315
890,614
890,854
890,1088
890,1315
891,394
891,614
891,855
891,1088
891,1315
892,395
892,614
892,854
892,1087
892,1315
893,395
893,614
893,854
893,1087
894,620
894,854
894,1087
895,398
895,621
895,1086
896,399
896,622
897,400
897,622
897,1315
898,400
898,626
898,1315
899,400
899,627
899,850
899,1081
899,1315
900,400
900,627
901,400
901,627
901,847
901,1078
902,400
902,628
902,846
902,1077
902,1317
903,401
903,628
903,846
903,1077
903,1316
904,401
904,629
904,846
904,1076
904,1316
905,402
905,629
905,846
905,1077
905,1316
906,403
906,629
906,846
906,1076
906,1316
907,403
907,630
907,845
907,1076
907,1316
908,404
908,631
908,845
908,1076
908,1316
909,404
909,632
909,845
909,1075
909,1317
910,405
910,633
910,844
910,1075
910,1317
911,405
911,634
911,843
911,1074
911,1317
912,406
912,634
912,843
912,1073
912,1317
913,843
913,1073
913,1317
914,842
914,1072
914,1317
915,841
915,1071
915,1317
916,1070
916,1317
917,1317
918,1317
919,1111
919,1317
920,1112
920,1317
921,1112
921,1317
922,1112
922,1317
923,638
923,1112
924,640
924,1113
925,640
925,1113
926,641
926,869
926,1113
927,642
927,870
927,1113
928,642
928,871
928,1113
929,643
929,872
929,1113
930,643
930,873
930,1113
930,1364
931,434
931,644
931,873
931,1113
931,1363
932,412
932,435
932,645
932,874
932,1113
932,1362
933,413
933,436
933,644
933,874
933,1113
933,1362
934,412
934,436
934,645
934,875
934,1114
934,1361
935,411
935,436
935,645
935,876
935,1114
935,1360
936,423
936,645
936,876
936,1360
937,411
937,424
937,435
937,647
937,875
937,1358
938,411
938,434
938,877
938,1342
938,1350
938,1358
939,410
939,434
939,652
939,1341
939,1349
939,1358
940,411
940,433
940,651
940,1341
941,408
941,413
941,657
941,1340
942,657
942,883
942,1339
943,658
943,887
943,1339
944,658
944,888
944,1338
945,658
945,889
945,1116
945,1338
946,659
946,889
946,1116
946,1337
947,659
947,889
947,1117
947,1335
948,660
948,890
948,1117
949,660
949,891
949,1117
950,661
950,891
950,1117
951,661
951,891
951,1117
952,662
952,893
952,1117
953,663
953,892
953,1117
954,664
954,894
954,1117
955,665
955,895
955,1118
956,1118
957,1118
958,1118
959,1118
960,676
960,1118
961,676
961,1118
962,677
962,1118
963,678
963,1118
964,443
964,678
964,1159
965,443
965,678
965,1159
966,444
966,678
966,1158
967,445
967,679
967,1158
968,445
968,679
968,1157
969,446
969,678
969,1156
970,446
970,679
970,1155
971,446
971,679
971,1155
972,447
972,679
972,1154
973,447
973,680
973,1154
974,448
974,679
974,1154
974,1373
975,448
975,680
975,1154
975,1372
976,448
976,680
976,1154
976,1371
976,1395
977,448
977,680
977,1154
977,1371
977,1396
978,450
978,681
978,902
978,1153
978,1371
978,1395
979,681
979,902
979,927
979,1153
979,1372
979,1396
980,454
980,682
980,901
980,927
980,1374
980,1388
980,1400
981,455
981,900
981,928
981,1373
981,1397
982,683
982,901
982,928
982,1148
982,1373
982,1397
983,458
983,683
983,914
983,1375
983,1391
983,1400
984,458
984,900
984,926
984,1398
985,459
985,901
985,929
985,1143
985,1396
986,459
986,902
986,929
986,1143
987,459
987,685
987,902
987,928
987,1144
988,460
988,685
988,904
988,926
988,1143
989,460
989,686
989,1143
990,460
990,686
990,1143
991,460
991,686
991,1142
992,462
992,686
992,1143
993,462
993,686
993,1142
994,463
994,687
994,1141
995,463
995,686
995,1141
996,465
996,687
996,1140
997,465
997,687
997,1140
998,687
998,1138
999,688
999,1138
1000,688
1000,1138
1001,688
1002,689
1003,689
1004,689
1005,690
1006,689
1012,469
1013,468
1014,270
1014,469
1015,271
1015,471
1016,272
1016,471
1017,271
1017,472
1018,271
1018,473
1018,701
1019,270
1019,474
1019,702
1020,269
1020,474
1020,703
1020,935
1021,268
1021,474
1021,703
1021,934
1021,958
1022,266
1022,475
1022,704
1022,933
1022,960
1023,266
1023,475
1023,483
1023,705
1023,933
1023,960
1024,267
1024,475
1024,484
1024,493
1024,705
1024,933
1024,961
1025,486
1025,493
1025,707
1025,723
1025,937
1025,961
1026,492
1026,706
1026,716
1026,724
1026,934
1026,959
1027,494
1027,705
1027,723
1027,934
1027,962
1028,494
1028,725
1028,935
1028,962
1029,495
1029,725
1029,936
1029,961
1030,495
1030,726
1030,960
1031,496
1031,727
1031,959
1032,497
1032,727
1033,498
1033,729
1034,498
1035,500
1036,500
1044,290
1045,289
1046,290
1046,1225
1047,289
1047,1225
1048,289
1048,1224
1049,289
1049,1224
1050,288
1050,1223
1051,288
1051,1223
1052,288
1052,1222
1053,288
1053,1222
1054,288
1054,1222
1055,288
1055,1221
1056,287
1056,966
1056,1221
1057,287
1057,967
1057,1221
1058,287
1058,968
1058,1221
1059,288
1059,969
1059,1221
1060,288
1060,969
1060,1220
1061,287
1061,970
1061,1220
1062,505
1062,971
1063,504
1063,971
1064,503
1064,972
1065,288
1065,503
1065,525
1065,973
1066,288
1066,504
1066,526
1066,974
1067,506
1067,527
1067,973
1068,504
1068,524
1068,981
1068,988
1068,1214
1069,285
1069,504
1069,528
1069,989
1069,1213
1070,284
1070,505
1070,529
1070,990
1070,1212
1071,285
1071,506
1071,527
1071,991
1071,1213
1072,284
1072,527
1072,991
1072,1213
1073,284
1073,525
1073,991
1073,1212
1074,284
1074,992
1074,1212
1075,284
1075,993
1075,1212
1076,284
1076,994
1076,1211
1077,284
1077,994
1077,1211
1078,284
1078,996
1078,1210
1079,284
1079,997
1079,1211
1080,283
1080,1210
1081,284
1081,1209
1082,283
1082,1209
1083,283
1083,1207
1083,1244
1084,283
1084,1244
1085,283
1085,1245
1086,283
1086,1245
1087,283
1087,1246
1088,283
1088,1246
1089,1246
1090,324
1090,1247
1091,324
1091,1247
1092,323
1092,1248
1093,323
1093,1248
1094,322
1094,1248
1095,322
1095,1248
1096,321
1096,766
1096,1248
1097,321
1097,766
1097,1248
1098,321
1098,766
1098,998
1098,1248
1099,321
1099,767
1099,1000
1099,1249
1100,320
1100,767
1100,774
1100,1001
1100,1248
1101,320
1101,772
1101,1001
1101,1248
1102,320
1102,772
1102,1002
1102,1250
1103,321
1103,773
1103,1003
1104,320
1104,773
1104,1003
1105,319
1105,776
1105,1004
1106,319
1106,535
1106,560
1106,777
1106,1004
1107,535
1107,561
1107,775
1107,1005
1108,534
1108,561
1108,1005
1108,1013
1108,1025
1109,319
1109,533
1109,562
1109,1006
1109,1016
1109,1024
1109,1252
1110,535
1110,561
1110,1023
1110,1255
1111,548
1111,1025
1111,1255
1112,533
1112,562
1112,1026
1112,1255
1113,314
1113,534
1113,561
1113,1026
1113,1255
1114,314
1114,534
1114,560
1114,788
1114,1026
1114,1255
1115,314
1115,535
1115,560
1115,786
1115,1027
1115,1255
1116,314
1116,535
1116,786
1116,1028
1116,1256
1117,313
1117,788
1117,1029
1117,1255
1118,314
1118,788
1118,1030
1118,1256
1119,313
1119,788
1119,1031
1119,1256
1120,313
1120,789
1120,1257
1121,313
1121,789
1121,1257
1122,313
1122,790
1122,1257
1123,312
1123,791
1123,1257
1124,312
1124,792
1124,1258
1124,1286
1125,312
1125,792
1125,1258
1125,1287
1126,311
1126,793
1126,1258
1126,1287
1127,311
1127,1258
1127,1287
1128,311
1128,1259
1128,1287
1129,1287
1130,1287
1131,810
1131,1287
1132,810
1132,1287
1133,810
1133,1287
1134,810
1134,1287
1135,811
1135,1287
1136,811
1136,1287
1137,811
1137,1287
1138,811
1138,1286
1139,811
1139,1287
1140,811
1140,1287
1141,596
1141,812
1141,1287
1142,594
1142,811
1142,1286
1143,593
1143,812
1144,592
1144,812
1145,591
1145,812
1146,334
1146,590
1146,812
1146,1286
1147,333
1147,590
1147,812
1148,333
1148,589
1148,812
1149,334
1149,588
1150,334
1150,359
1150,588
1150,1286
1151,335
1151,359
1151,587
1151,848
1151,1287
1152,339
1152,360
1152,581
1152,588
1152,851
1152,1286
1153,336
1153,359
1153,580
1153,586
1153,1286
1154,336
1154,360
1154,572
1154,580
1154,1286
1155,337
1155,362
1155,574
1155,1287
1156,335
1156,363
1156,572
1156,815
1156,1286
1157,363
1157,572
1157,814
1157,1287
1158,363
1158,571
1158,815
1158,839
1158,1286
1159,363
1159,570
1159,815
1159,1286
1160,360
1160,570
1160,816
1160,835
1160,1286
1161,569
1161,815
1161,835
1161,1286
1162,568
1162,815
1162,1286
1163,568
1163,816
1163,1286
1163,1315
1164,567
1164,816
1164,1286
1164,1314
1165,566
1165,816
1165,1286
1165,1315
1166,816
1166,1286
1166,1316
1167,816
1167,1286
1167,1316
1168,816
1168,1316
1169,816
1169,1317
1170,816
1170,840
1170,1083
1170,1317
1171,817
1171,1084
1171,1317
1172,817
1172,1084
1172,1318
1173,817
1173,1084
1173,1318
1174,817
1174,841
1174,1084
1174,1318
1175,841
1175,1084
1175,1319
1176,621
1176,842
1176,1084
1176,1318
1177,620
1177,842
1177,1084
1177,1319
1178,620
1178,842
1178,1084
1178,1319
1179,620
1179,843
1179,1084
1179,1319
1180,619
1180,843
1180,1085
1180,1319
1181,618
1181,843
1181,1084
1181,1320
1182,618
1182,844
1182,1084
1183,618
1183,844
1183,1084
1184,617
1184,844
1184,1084
1185,617
1185,844
1185,1084
1186,617
1186,844
1186,1084
1187,617
1187,845
1188,617
1188,845
1189,616
1189,845
1190,616
1190,846
1190,1325
1191,368
1191,392
1191,616
1191,1326
1192,367
1192,392
1192,616
1192,1325
1193,367
1193,393
1193,1326
1194,366
1194,394
1194,1326
1195,380
1195,614
1195,1085
1195,1326
1196,368
1196,392
1196,613
1196,1085
1196,1326
1197,366
1197,395
1197,1084
1197,1326
1198,367
1198,394
1198,849
1198,1085
1198,1327
1199,368
1199,394
1199,610
1199,850
1199,1085
1199,1327
1200,367
1200,393
1200,609
1200,851
1200,1084
1200,1327
1201,392
1201,609
1201,851
1201,1084
1201,1327
1202,609
1202,851
1202,1085
1202,1328
1203,609
1203,851
1203,1084
1203,1328
1204,609
1204,851
1204,1085
1204,1328
1205,609
1205,851
1205,1084
1205,1328
1206,609
1206,852
1206,1084
1206,1329
1207,608
1207,852
1207,1084
1207,1329
1208,608
1208,852
1208,1085
1208,1330
1209,607
1209,853
1209,1085
1210,608
1210,853
1210,1085
1211,607
1211,853
1211,1084
1212,606
1212,853
1213,606
1213,854
1214,606
1214,854
1215,604
1218,652
1219,652
1220,652
1221,652
1222,651
1222,1133
1222,1138
1223,651
1223,1134
1224,651
1224,1132
1225,650
1225,1132
1226,650
1226,1132
1227,650
1227,1130
1228,649
1228,1130
1229,429
1229,650
1229,894
1229,1130
1230,427
1230,649
1230,895
1230,1110
1230,1128
1231,427
1231,649
1231,871
1231,896
1231,1110
1231,1118
1231,1129
1232,426
1232,649
1232,871
1232,896
1232,1110
1232,1129
1233,425
1233,649
1233,871
1233,895
1233,1110
1234,425
1234,870
1234,895
1234,1108
1235,424
1235,881
1235,1108
1236,423
1236,869
1236,894
1236,1107
1237,403
1237,423
1237,646
1237,868
1237,894
1237,1106
1238,404
1238,414
1238,422
1238,868
1238,892
1238,1106
1239,406
1239,422
1239,869
1239,893
1239,1105
1240,403
1240,869
1240,1104
1241,193
1241,402
1241,644
1241,870
1242,192
1242,401
1242,644
1243,193
1243,401
1243,644
1244,193
1244,400
1244,643
1245,193
1245,399
1245,643
1246,194
1246,398
1246,643
1247,194
1247,398
1247,643
1248,194
1248,397
1248,643
1249,194
1249,643
1250,195
1250,642
1251,196
1251,642
1252,642
1253,641
1254,641
1255,641
1256,641
1256,913
1257,641
1257,913
1258,914
1259,448
1259,913
1260,448
1260,913
1261,211
1261,448
1261,914
1262,211
1262,448
1262,914
1263,211
1263,447
1263,914
1264,211
1264,447
1264,914
1265,212
1265,447
1265,914
1266,211
1266,447
1266,915
1267,212
1267,447
1267,915
1268,211
1268,447
1268,915
1269,211
1269,447
1269,915
1270,211
1270,447
1270,915
1271,212
1271,447
1271,915
1272,211
1272,447
1272,916
1273,211
1273,447
1274,211
1274,446
1275,212
1275,446
1276,212
1276,447
1276,917
1279,918
1280,215
1280,447
1280,918
1281,214
1281,446
1281,918
1282,445
1282,918
1283,919
1284,918
1285,213
1285,445
1285,919
1286,214
1286,444
1286,919
1287,213
1287,444
1287,919
1288,213
1288,444
1288,919
1289,213
1289,444
1289,919
1290,213
1290,444
1290,919
1291,213
1291,444
1291,920
1292,213
1292,444
1292,920
1292,1180
1293,213
1293,444
1293,920
1293,1180
1294,213
1294,444
1294,920
1294,1182
1295,213
1295,444
1295,921
1295,1182
1296,214
1296,443
1296,921
1296,959
1296,1183
1297,214
1297,443
1297,959
1297,1184
1298,214
1298,443
1298,959
1298,1183
1299,214
1299,443
1299,958
1299,1184
1300,214
1300,443
1300,706
1300,958
1300,1184
1301,214
1301,443
1301,706
1301,958
1301,1185
1302,254
1302,443
1302,707
1302,957
1302,1186
1303,254
1303,707
1303,957
1303,1186
1304,253
1304,707
1304,957
1304,1186
1305,253
1305,708
1305,753
1305,956
1305,1186
1306,252
1306,708
1306,956
1306,1186
1307,252
1307,709
1307,956
1307,1187
1308,252
1308,709
1308,956
1309,251
1309,710
1309,955
1310,251
1310,465
1310,710
1310,955
1311,250
1311,466
1311,710
1311,955
1312,250
1312,466
1312,710
1312,954
1313,250
1313,468
1313,711
1313,1192
1314,249
1314,468
1314,711
1314,1195
1315,249
1315,469
1315,711
1315,1195
1316,249
1316,470
1316,711
1316,1196
1317,249
1317,470
1317,951
1317,1196
1318,249
1318,470
1318,1196
1319,249
1319,471
1319,714
1319,1197
1320,247
1320,472
1320,949
1320,1197
1321,471
1321,478
1321,948
1321,1198
1322,247
1322,479
1322,949
1322,1197
1323,247
1323,479
1323,717
1323,949
1323,1198
1324,246
1324,484
1324,719
1324,948
1324,1199
1325,485
1325,718
1325,949
1325,1199
1326,487
1326,719
1326,948
1326,1200
1327,243
1327,487
1327,719
1327,948
1327,1200
1328,242
1328,487
1328,719
1328,948
1328,1201
1329,241
1329,488
1329,719
1329,947
1329,1202
1329,1231
1330,241
1330,488
1330,719
1330,947
1330,1230
1331,241
1331,489
1331,719
1331,947
1331,1231
1332,240
1332,490
1332,720
1332,946
1332,1230
1333,240
1333,490
1333,720
1333,945
1333,1230
1334,240
1334,492
1334,721
1334,945
1334,1230
1335,240
1335,494
1335,721
1335,945
1335,1230
1336,240
1336,721
1336,944
1336,1230
1337,240
1337,722
1337,1230
1338,239
1338,723
1338,1229
1339,239
1339,723
1339,1230
1340,238
1340,1229
1341,238
1341,1229
1342,238
1342,738
1342,1229
1343,237
1343,739
1343,1003
1343,1229
1344,236
1344,741
1344,1002
1344,1229
1345,236
1345,741
1345,1001
1345,1229
1346,741
1346,1000
1347,742
1347,999
1348,742
1348,999
1349,743
1349,998
1350,743
1350,998
1350,1227
1351,744
1351,997
1352,744
1352,997
1353,744
1353,996
1353,1226
1354,745
1354,995
1354,1226
1355,293
1355,745
1355,989
1355,996
1355,1226
1356,291
1356,745
1356,987
1356,1226
1357,290
1357,746
1357,979
1357,1226
1358,290
1358,747
1358,981
1358,1226
1359,288
1359,980
1359,1226
1360,288
1360,979
1360,1226
1361,287
1361,979
1361,1226
1362,287
1362,979
1362,1225
1363,286
1363,978
1363,1225
1364,285
1364,753
1364,977
1364,1225
1365,284
1365,754
1365,977
1365,1225
1366,271
1366,278
1366,753
1366,976
1366,1225
1367,272
1367,754
1367,976
1367,1224
1368,270
1368,755
1368,974
1368,1224
1369,270
1369,755
1369,973
1369,1224
1369,1273
1370,269
1370,755
1370,1224
1370,1272
1371,269
1371,755
1371,1272
1372,268
1372,755
1372,1271
1373,268
1373,756
1373,1271
1374,267
1374,757
1374,1271
1375,266
1375,757
1375,1270
1376,265
1376,758
1376,1270
1377,759
1377,1012
1377,1269
1378,759
1378,1012
1378,1269
1379,760
1379,792
1379,1014
1379,1269
1380,791
1380,1013
1380,1269
1381,791
1381,1015
1381,1269
1382,541
1382,790
1382,1015
1382,1269
1383,542
1383,790
1383,1016
1383,1268
1384,542
1384,790
1384,1016
1384,1267
1385,542
1385,789
1385,1017
1385,1268
1386,542
1386,789
1386,1017
1386,1265
1387,543
1387,789
1387,1018
1388,543
1388,788
1388,1018
1388,1264
1389,544
1389,789
1389,1018
1389,1264
1390,544
1390,788
1390,1018
1391,544
1391,788
1391,1019
1392,544
1392,788
1392,1019
1392,1261
1393,544
1393,788
1393,1023
1393,1261
1394,544
1394,788
1394,1023
1394,1260
1395,544
1395,788
1395,1260
1396,544
1396,788
1396,1260
1397,545
1397,787
1397,1260
1398,544
1398,1025
1398,1260
1399,545
1399,1028
1399,1260
1400,545
1400,1029
1400,1260
1401,546
1401,1029
1401,1259
1402,1029
1402,1259
1403,1029
1403,1258
1404,1030
1404,1257
1405,548
1405,782
1405,1030
1405,1257
1406,782
1406,1030
1406,1257
1407,782
1407,1031
1407,1256
1408,781
1408,1031
1408,1255
1409,548
1409,781
1409,1032
1410,550
1410,781
1410,1033
1411,550
1411,781
1411,1033
1412,550
1412,781
1412,1034
1413,550
1413,781
1413,1034
1414,550
1414,781
1415,550
1415,781
1416,551
1416,780
1417,550
1417,779
1418,550
1418,780
1419,551
1419,779
1420,551
1420,779
1421,552
1421,779
1422,552
1422,778
1423,552
1424,552
1425,552
1426,553
1426,807
1426,1043
1427,553
1427,807
1427,1044
1428,808
1428,1045
1429,810
1429,1046
1430,810
1430,1047
1431,811
1431,1047
1432,812
1432,1048
1433,811
1433,1049
1434,812
1434,1051
1434,1070
1435,813
1435,1050
1435,1060
1435,1071
1436,813
1436,1050
1436,1069
1437,813
1437,1049
1437,1071
1438,814
1438,1072
1439,813
1439,818
1439,1073
1440,820
1440,1073
1441,594
1441,1075
1442,571
1442,595
1442,821
1442,1075
1443,571
1443,597
1443,826
1443,1075
1444,569
1444,596
1444,827
1444,1076
1445,570
1445,595
1445,827
1446,582
1446,827
1447,568
1447,595
1447,828
1448,569
1448,595
1448,828
1449,568
1449,594
1449,828
1450,124
1450,570
1450,593
1450,829
1451,124
1451,570
1451,830
1452,125
1452,830
1453,125
1453,832
1454,127
1454,832
1455,126
1455,834
1456,127
1457,127
1458,126
1459,122
1465,628
1465,1082
1466,629
1466,1084
1467,627
1467,1084
1468,627
1468,1085
1469,626
1469,1086
1470,626
1470,1087
1471,627
1471,1087
1472,391
1472,624
1472,1089
1473,391
1473,625
1473,1090
1473,1106
1474,390
1474,624
1474,1088
1474,1098
1474,1105
1475,132
1475,389
1475,623
1475,1087
1475,1105
1476,132
1476,389
1476,623
1476,1106
1477,133
1477,388
1477,623
1477,1107
1478,134
1478,387
1478,623
1478,1107
1479,135
1479,387
1479,623
1479,1108
1480,136
1480,386
1480,622
1480,1109
1481,136
1481,385
1481,623
1481,1109
1482,137
1482,386
1482,622
1482,1110
1483,137
1483,385
1483,621
1484,137
1484,385
1485,137
1485,385
1486,138
1486,385
1486,617
1487,138
1487,384
1488,138
1488,382
1489,139
1489,382
1489,615
1490,138
1490,143
1490,380
1490,613
1491,143
1491,147
1491,613
1492,146
1492,613
1493,145
1493,377
1493,612
1494,375
1494,612
1495,146
1495,375
1495,612
1496,150
1496,375
1496,612
1497,150
1497,374
1497,612
1498,150
1498,374
1498,611
1499,150
1499,374
1499,611
1500,151
1500,374
1500,611
1501,151
1501,373
1501,610
1502,151
1502,373
1502,609
1503,152
1503,372
1503,606
1503,611
1504,153
1504,372
1504,610
1505,153
1505,371
1505,609
1505,664
1506,154
1506,370
1506,607
1506,664
1507,154
1507,369
1507,663
1508,155
1508,369
1508,663
1509,156
1509,369
1509,662
1510,157
1510,661
1510,876
1511,661
1511,879
1512,660
1512,879
1513,431
1513,660
1513,881
1514,429
1514,660
1514,881
1515,186
1515,429
1515,659
1515,882
1516,185
1516,427
1516,659
1516,883
1517,185
1517,427
1517,659
1517,883
1518,184
1518,425
1518,658
1518,885
1519,184
1519,425
1519,658
1519,886
1520,183
1520,424
1520,658
1520,885
1520,893
1520,901
1521,183
1521,424
1521,658
1521,901
1522,183
1522,424
1522,658
1522,901
1523,182
1523,423
1523,902
1524,182
1524,422
1524,903
1525,182
1525,422
1525,903
1526,182
1526,422
1526,904
1527,182
1527,422
1527,905
1528,181
1528,421
1528,906
1529,181
1529,417
1529,650
1529,906
1530,181
1530,416
1530,649
1530,908
1531,181
1531,649
1532,181
1532,414
1532,648
1532,1184
1533,180
1533,410
1533,648
1533,1184
1534,179
1534,409
1534,648
1534,1183
1535,408
1535,648
1535,1183
1536,407
1536,647
1536,1182
1537,407
1537,647
1537,1182
1538,175
1538,407
1538,647
1538,1181
1539,175
1539,407
1539,646
1539,1180
1540,175
1540,406
1540,646
1540,940
1540,1179
1541,174
1541,406
1541,646
1541,940
1541,1179
1542,174
1542,406
1542,645
1542,939
1542,1179
1543,174
1543,405
1543,645
1543,938
1543,1178
1544,174
1544,403
1544,643
1544,938
1544,1179
1545,174
1545,403
1545,643
1545,937
1545,1178
1546,173
1546,402
1546,643
1546,937
1546,1178
1547,173
1547,401
1547,936
1547,1178
1548,173
1548,400
1548,936
1548,1176
1549,172
1549,935
1550,173
1550,935
1550,1171
1551,172
1551,935
1552,172
1552,935
1552,1171
1553,171
1553,934
1554,934
1554,1167
1555,934
1555,1166
1556,932
1556,1166
1557,1166
1558,436
1558,1165
1559,201
1559,437
1559,1165
1560,201
1560,438
1560,701
1560,1165
1561,202
1561,439
1561,703
1561,1164
1562,202
1562,440
1562,677
1562,704
1562,926
1562,1164
1563,203
1563,441
1563,677
1563,704
1563,925
1563,1164
1564,203
1564,441
1564,675
1564,704
1564,926
1564,1163
1565,204
1565,442
1565,676
1565,701
1565,925
1565,1162
1566,205
1566,442
1566,689
1566,925
1566,1162
1567,205
1567,443
1567,674
1567,702
1567,925
1567,1161
1568,205
1568,442
1568,674
1568,702
1568,924
1568,1160
1569,206
1569,444
1569,675
1569,703
1569,924
1569,1159
1570,206
1570,443
1570,448
1570,675
1570,700
1570,924
1570,1158
1571,206
1571,450
1571,676
1571,701
1571,923
1572,207
1572,676
1572,923
1573,206
1573,456
1573,922
1574,456
1574,922
1575,213
1575,457
1575,921
1576,457
1576,920
1577,457
1577,920
1578,216
1578,458
1578,919
1579,218
1579,458
1580,218
1580,459
1581,218
1581,460
1582,218
1582,460
1582,1196
1583,219
1583,461
1583,1195
1584,219
1584,462
1584,1195
1585,219
1585,464
1585,1195
1586,220
1586,736
1586,1196
1587,220
1587,736
1587,1196
1588,221
1588,734
1588,1199
1589,222
1589,734
1589,1198
1589,1210
1590,223
1590,493
1590,733
1590,1198
1591,223
1591,491
1591,733
1591,1198
1592,224
1592,492
1592,733
1592,1200
1593,491
1593,732
1594,491
1594,731
1595,491
1595,731
1596,490
1596,731
1597,490
1597,731
1598,489
1598,731
1599,489
1599,730
1600,489
1600,730
1601,489
1601,730
1602,489
1603,489
1604,488
1605,489
1605,726
1606,488
1607,487
1608,487
1609,487
1609,721
1610,237
1610,486
1610,721
1611,234
1611,486
1611,721
1612,234
1612,485
1612,721
1613,234
1613,720
1614,235
1614,256
1614,720
1615,237
1615,248
1615,257
1615,483
1615,720
1616,236
1616,255
1616,483
1616,719
1617,236
1617,258
1617,484
1617,719
1618,237
1618,259
1618,483
1618,719
1619,237
1619,260
1619,483
1619,718
1620,260
1620,483
1620,718
1621,260
1621,482
1621,717
1622,261
1622,482
1622,717
1623,257
1623,482
1623,716
1624,482
1624,714
1625,482
1626,481
1626,987
1627,481
1627,752
1627,990
1628,481
1628,752
1628,990
1629,480
1629,753
1629,991
1630,481
1630,754
1630,992
1631,479
1631,754
1631,992
1632,479
1632,755
1632,993
1633,756
1633,994
1634,756
1634,995
1635,756
1635,997
1635,1013
1636,756
1636,994
1636,1004
1636,1014
1637,757
1637,995
1637,1012
1638,757
1638,1014
1639,757
1639,1015
1640,757
1640,1015
1641,759
1641,1016
1642,1016
1643,762
1643,1017
1644,507
1644,1018
1645,508
1645,1018
1646,509
1646,1018
1647,509
1647,765
1648,510
1648,767
1649,511
1649,767
1650,296
1650,514
1650,531
1650,767
1651,296
1651,512
1651,523
1651,532
1651,768
1652,294
1652,512
1652,531
1652,768
1653,294
1653,511
1653,532
1653,768
1654,293
1654,533
1654,769
1655,274
1655,292
1655,534
1655,769
1656,273
1656,290
1656,534
1656,769
1657,276
1657,291
1657,535
1657,770
1657,1054
1658,272
1658,291
1658,534
1658,770
1658,1053
1659,272
1659,291
1659,534
1659,772
1659,1052
1660,271
1660,772
1660,1052
1661,270
1661,773
1661,1050
1662,270
1662,1050
1663,271
1663,1049
1664,54
1664,271
1664,1049
1665,54
1665,1048
1666,55
1666,1048
1667,55
1667,1048
1668,55
1668,1048
1669,55
1669,781
1669,1048
1670,55
1670,783
1670,1047
1671,56
1671,784
1671,1048
1672,56
1672,786
1673,57
1673,787
1674,57
1674,321
1674,788
1675,58
1675,321
1675,788
1676,320
1676,789
1677,320
1677,790
1677,1037
1678,320
1678,789
1678,1037
1679,320
1679,790
1679,1037
1680,320
1680,791
1680,1036
1681,319
1681,543
1681,792
1681,1036
1682,320
1682,543
1682,791
1682,799
1682,1036
1683,68
1683,319
1683,545
1683,808
1683,1035
1684,70
1684,320
1684,546
1684,806
1684,1035
1685,69
1685,320
1685,547
1685,807
1685,1035
1686,70
1686,319
1686,548
1686,808
1686,1034
1687,71
1687,319
1687,548
1687,810
1687,1033
1688,71
1688,319
1688,549
1688,810
1688,1032
1689,72
1689,319
1689,551
1689,810
1689,1031
1690,72
1690,319
1690,549
1690,559
1690,566
1690,811
1690,1030
1691,73
1691,320
1691,549
1691,565
1691,811
1692,73
1692,566
1692,811
1693,74
1693,567
1693,813
1693,1069
1694,74
1694,569
1694,814
1694,1071
1695,75
1695,320
1695,569
1695,816
1695,1071
1696,75
1696,318
1696,570
1696,1071
1697,75
1697,570
1697,1072
1698,76
1698,571
1698,1072
1699,83
1699,318
1699,571
1699,1073
1700,81
1700,1074
1701,317
1701,1075
1702,81
1702,318
1702,1074
1703,317
1703,1075
1704,85
1704,317
1704,1075
1705,85
1705,317
1705,1075
1706,86
1706,317
1706,1076
1707,86
1707,317
1707,1075
1708,86
1708,317
1708,1076
1709,86
1709,317
1710,87
1710,317
1710,1079
1711,87
1711,317
1712,87
1712,317
1712,824
1713,88
1713,317
1713,821
1714,88
1714,317
1714,822
1715,89
1715,317
1715,822
1715,1084
1716,90
1716,317
1716,822
1716,1084
1717,91
1717,317
1717,824
1717,1085
1718,93
1718,317
1718,824
1718,1085
1719,826
1719,846
1719,1085
1720,340
1720,825
1720,836
1720,848
1720,1085
1721,104
1721,341
1721,826
1721,838
1721,848
1721,1085
1722,105
1722,342
1722,825
1722,848
1722,1086
1723,105
1723,343
1723,826
1723,849
1723,1086
1724,105
1724,344
1724,850
1724,1087
1725,106
1725,344
1725,606
1725,851
1725,1087
1726,107
1726,345
1726,584
1726,607
1726,851
1726,1088
1727,107
1727,346
1727,583
1727,608
1727,852
1727,1088
1727,1119
1728,107
1728,347
1728,583
1728,608
1728,851
1728,1088
1728,1119
1729,108
1729,347
1729,595
1729,852
1729,1090
1729,1118
1730,108
1730,347
1730,582
1730,607
1730,1090
1730,1119
1731,109
1731,347
1731,582
1731,606
1731,1119
1732,109
1732,348
1732,582
1732,607
1732,1119
1733,109
1733,348
1733,583
1733,605
1733,1119
1734,110
1734,347
1734,584
1734,605
1734,1119
1735,109
1735,355
1735,1119
1736,110
1736,1119
1737,111
1737,1119
1738,359
1738,1119
1739,114
1739,361
1739,1119
1740,117
1740,361
1740,1119
1741,116
1741,361
1741,1119
1742,362
1742,1119
1743,362
1743,1119
1744,362
1744,860
1744,1119
1745,120
1745,363
1745,861
1746,121
1746,364
1746,861
1747,120
1747,364
1747,863
1748,121
1748,365
1748,863
1748,1118
1749,121
1749,366
1749,864
1750,121
1750,367
1750,864
1751,121
1751,367
1751,866
1751,1118
1752,122
1752,866
1753,122
1753,866
1754,123
1754,867
1754,1118
1755,123
1755,867
1755,1119
1756,123
1756,867
1756,1119
1757,124
1757,399
1757,869
1757,1118
1758,124
1758,398
1758,875
1758,1118
1759,126
1759,398
1759,1119
1760,126
1760,398
1760,875
1760,1119
1761,127
1761,397
1761,648
1761,877
1761,881
1761,1118
1762,397
1762,646
1762,881
1762,1118
1763,396
1763,646
1763,882
1763,1118
1764,395
1764,646
1764,882
1764,1118
1765,396
1765,646
1765,882
1765,1118
1766,395
1766,622
1766,644
1766,883
1766,1118
1767,395
1767,622
1767,641
1767,883
1767,1118
1768,395
1768,622
1768,643
1768,884
1768,1118
1769,395
1769,620
1769,643
1769,884
1769,1118
1770,394
1770,620
1770,642
1770,885
1770,1118
1771,395
1771,619
1771,886
1772,395
1772,618
1772,887
1773,392
1773,619
1773,889
1774,137
1774,620
1774,889
1775,138
1775,391
1775,619
1776,138
1777,139
1778,140
1778,388
1779,141
1779,388
1780,141
1780,388
1781,144
1781,159
1781,387
1782,141
1782,152
1782,159
1782,387
1782,666
1783,141
1783,160
1783,387
1783,666
1783,1147
1784,160
1784,386
1784,666
1784,1144
1785,162
1785,386
1785,666
1785,1143
1786,162
1786,386
1786,666
1786,1142
1787,163
1787,386
1787,666
1787,1141
1788,164
1788,385
1788,666
1788,1141
1789,164
1789,385
1789,666
1789,1141
1790,164
1790,385
1790,667
1790,1141
1791,384
1791,667
1791,1141
1792,384
1792,667
1792,1142
1793,383
1793,667
1793,1143
1794,667
1795,667
1796,667
1797,668
1798,668
1799,668
1800,667
1801,669
1803,670
1805,670
1806,205
1807,203
1807,442
1808,202
1808,442
1809,200
1809,442
1810,200
1810,442
1811,198
1811,441
1811,671
1812,198
1812,417
1812,441
1812,671
1813,197
1813,416
1813,438
1813,671
1814,196
1814,418
1814,439
1814,672
1815,196
1815,416
1815,439
1815,672
1816,196
1816,415
1816,438
1816,671
1817,196
1817,414
1817,438
1817,672
1818,195
1818,414
1818,671
1819,193
1819,413
1819,672
1820,189
1820,414
1820,672
1821,187
1821,415
1821,672
1822,182
1822,673
1823,180
1823,673
1824,180
1824,672
1824,699
1825,179
1825,673
1825,699
1826,179
1826,673
1826,699
1827,178
1827,673
1827,700
1827,937
1828,178
1828,673
1828,700
1828,935
1829,177
1829,674
1829,700
1829,936
1830,176
1830,701
1830,936
1831,176
1831,701
1831,937
1832,176
1832,701
1832,937
1832,963
1833,174
1833,702
1833,940
1833,963
1834,173
1834,702
1834,939
1834,952
1834,963
1835,171
1835,703
1835,939
1835,963
1836,703
1836,939
1836,964
1837,703
1837,939
1837,965
1838,234
1838,704
1838,939
1838,966
1839,234
1839,703
1839,966
1840,234
1840,483
1840,704
1840,966
1841,233
1841,481
1841,706
1841,966
1842,232
1842,479
1842,707
1842,964
1843,232
1843,478
1844,231
1844,478
1845,231
1845,477
1846,230
1846,476
1847,230
1847,475
1848,229
1848,475
1848,711
1849,229
1849,474
1849,711
1850,229
1850,474
1850,711
1851,228
1851,472
1851,711
1852,228
1852,464
1852,474
1852,711
1853,228
1853,457
1853,464
1853,475
1853,712
1854,228
1854,458
1854,712
1855,228
1855,456
1855,712
1856,228
1856,455
1856,713
1857,227
1857,455
1857,713
1858,226
1858,455
1858,713
1859,224
1859,454
1859,714
1860,224
1860,453
1860,714
1861,452
1861,715
1862,452
1862,716
1862,735
1862,971
1862,975
1863,451
1863,716
1863,735
1863,975
1864,221
1864,450
1864,736
1864,975
1865,218
1865,449
1865,736
1865,977
1866,219
1866,737
1866,978
1867,218
1867,737
1867,977
1868,218
1868,738
1868,979
1869,218
1869,738
1869,980
1870,218
1870,740
1870,982
1871,218
1871,739
1871,980
1871,989
1871,999
1872,217
1872,739
1872,980
1872,998
1873,217
1873,740
1873,980
1873,1000
1874,217
1874,493
1874,740
1874,1001
1875,216
1875,493
1875,740
1875,1002
1876,216
1876,494
1876,740
1876,1002
1877,216
1877,495
1877,741
1877,1003
1878,215
1878,252
1878,495
1878,741
1878,1004
1879,215
1879,252
1879,495
1879,1004
1880,214
1880,252
1880,496
1880,1004
1881,214
1881,253
1881,496
1881,745
1882,213
1882,254
1882,496
1882,745
1883,253
1883,497
1884,254
1884,497
1885,254
1885,497
1885,748
1886,255
1886,498
1886,750
1887,255
1887,498
1887,750
1888,255
1888,498
1888,750
1888,1040
1889,255
1889,501
1889,751
1889,1040
1890,256
1890,503
1890,750
1890,1040
1891,255
1891,502
1891,751
1891,1039
1892,256
1892,751
1892,1038
1893,256
1893,751
1893,1038
1894,256
1894,504
1894,752
1894,1037
1895,256
1895,506
1895,752
1895,1037
1896,506
1896,753
1896,1036
1897,506
1897,753
1897,1036
1898,261
1898,506
1898,753
1898,1035
1899,261
1899,507
1899,754
1899,1035
1900,260
1900,507
1900,754
1900,1035
1901,507
1901,756
1901,796
1901,1034
1902,508
1902,796
1902,1035
1903,263
1903,508
1903,796
1903,1035
1904,264
1904,509
1904,794
1904,1034
1905,264
1905,509
1905,794
1905,1032
1906,264
1906,510
1906,793
1907,264
1907,510
1907,793
1907,1029
1908,264
1908,511
1908,792
1908,1029
1909,264
1909,512
1909,791
1910,265
1910,791
1911,267
1911,791
1911,1026
1912,269
1912,790
1912,1024
1913,790
1913,1024
1914,790
1914,1024
1915,790
1915,1024
1916,789
1916,1023
1917,787
1917,1023
1918,1023
1919,1023
1920,783
1920,1022
1921,1022
1922,1021
1923,779
1923,1021
1924,553
1924,778
1924,1019
1925,529
1925,554
1925,778
1925,1019
1926,528
1926,554
1926,778
1926,1019
1927,527
1927,554
1927,778
1927,1017
1927,1054
1928,528
1928,553
1928,777
1928,1017
1928,1054
1929,527
1929,552
1929,777
1929,1056
1930,526
1930,553
1930,776
1930,1056
1931,526
1931,552
1931,776
1931,1058
1932,527
1932,551
1932,776
1932,1058
1933,528
1933,552
1933,775
1933,1059
1934,527
1934,774
1934,1060
1935,773
1935,1060
1936,773
1936,1060
1937,771
1937,1061
1938,1061
1939,1061
1940,1062
1941,1062
1942,1063
1943,1068
1944,1068
1946,1075
1947,1074
1948,832
1948,1075
1949,832
1949,1074
1950,563
1950,830
1950,1075
1951,564
1951,829
1951,1075
1952,565
1952,829
1952,1076
1953,566
1953,831
1953,1076
1954,567
1954,830
1954,1076
1955,567
1955,824
1955,830
1955,1078
1956,568
1956,822
1956,829
1956,1078
1957,569
1957,816
1957,831
1957,1079
1958,569
1958,815
1958,1079
1959,569
1959,814
1959,1081
1960,570
1960,813
1960,1081
1961,570
1961,812
1962,571
1962,812
1963,571
1963,811
1964,573
1964,810
1965,812
1966,809
1969,584
1970,585
1971,585
1972,585
1973,586
1974,586
1975,587
1976,587
1977,588
1978,589
1979,589
1980,590
1981,591
1982,593
1988,874
1989,874
1990,850
1990,874
1991,850
1991,875
1992,852
1992,875
1993,849
1993,873
1994,849
1994,874
1995,849
1995,873
1996,849
1996,872
1997,850
1997,872
1998,851
1999,629
2000,630
2001,630
2002,607
2002,629
2003,605
2003,628
2004,617
2005,604
2005,628
2006,604
2006,627
2007,604
2007,627
2008,604
2008,626
2009,604
2010,605
2025,667
2026,666
2027,666
2028,665
2029,664
2030,663
2031,663
2032,663
2033,662
2034,661
2035,661
2036,661
2037,661
2038,660
2043,951
2044,951
2045,950
2046,950
2047,950
2048,949
2049,948
2050,948
2051,947
2052,947
2053,947
2054,946
2055,946
2056,946
2057,946
2058,946
2059,946
2060,945
2061,945
2063,941
2064,940
2065,940
2068,938
2069,936
2070,936
2071,936
2072,936
2073,935
2074,935
2075,935
2076,935
2077,935
2078,934
2078,976
2079,934
2079,976
2080,933
2080,976
2081,933
2081,976
2082,932
2082,977
2083,932
2083,977
2084,931
2084,977
2085,930
2085,977
2086,930
2086,977
2087,978
2088,978
2089,978
2090,978
2091,978
2092,978
2093,978
2094,978
2095,979
2096,978
2097,979
2098,980
2100,980
2105,981
2106,982
2107,982
2108,982
2109,982
2110,982
2111,982
2112,982
2113,983
2114,982
2115,983
2116,983
2117,983
2118,983
2119,983
2120,984
2121,984
2122,984
2125,1036
2126,1034
2127,1033
2128,1032
2129,1031
2130,1030
2131,1030
2132,1029
2133,1029
2134,1029
2135,1028
2136,1021
2136,1028
2137,1020
2137,1029
2138,1015
2139,1014
2140,1012
2141,1013
2142,1012
2143,1011
2144,1010
2145,1010
2146,1008
2147,1008
2148,1008
