2160*1622
1672,51
1671,52
1671,53
1672,54
1672,55
1673,56
1674,57
1674,58
1648,59
1675,59
1751,59
1647,60
1674,60
1750,60
1646,61
1675,61
1750,61
1645,62
1675,62
1749,62
1643,63
1675,63
1748,63
1643,64
1682,64
1748,64
1628,65
1643,65
1747,65
1641,66
1648,66
1683,66
1691,66
1746,66
1689,67
1745,67
1690,68
1726,68
1743,68
1691,69
1726,69
1736,69
1745,69
1691,70
1729,70
1691,71
1728,71
1692,72
1726,72
1692,73
1726,73
1693,74
1724,74
1693,75
1724,75
1694,76
1723,76
1849,76
1695,77
1722,77
1849,77
1696,78
1721,78
1848,78
1697,79
1720,79
1833,79
1849,79
1698,80
1833,80
1849,80
1833,81
1844,81
1849,81
1577,82
1834,82
1850,82
1576,83
1833,83
1576,84
1833,84
1576,85
1831,85
1575,86
1830,86
1829,87
1829,88
1483,209
1483,210
1484,211
1452,212
1485,212
1451,213
1485,213
1450,214
1486,214
1449,215
1486,215
1275,216
1448,216
1486,216
1274,217
1447,217
1486,217
1584,217
1275,218
1447,218
1487,218
1586,218
1275,219
1447,219
1487,219
1587,219
1703,219
1275,220
1446,220
1487,220
1588,220
1637,220
1703,220
1275,221
1445,221
1487,221
1588,221
1637,221
1702,221
1275,222
1445,222
1487,222
1557,222
1589,222
1639,222
1703,222
1275,223
1445,223
1487,223
1558,223
1590,223
1640,223
1703,223
1275,224
1444,224
1488,224
1559,224
1590,224
1641,224
1703,224
1275,225
1443,225
1558,225
1590,225
1641,225
1704,225
1276,226
1443,226
1533,226
1558,226
1591,226
1643,226
1704,226
1276,227
1533,227
1558,227
1591,227
1643,227
1704,227
1275,228
1342,228
1437,228
1533,228
1555,228
1591,228
1643,228
1704,228
1276,229
1342,229
1533,229
1554,229
1592,229
1644,229
1704,229
1276,230
1343,230
1436,230
1491,230
1535,230
1555,230
1594,230
1644,230
1704,230
1276,231
1320,231
1342,231
1432,231
1531,231
1554,231
1644,231
1704,231
1276,232
1319,232
1343,232
1431,232
1494,232
1530,232
1553,232
1645,232
1704,232
1275,233
1320,233
1341,233
1430,233
1494,233
1530,233
1598,233
1645,233
1704,233
1275,234
1318,234
1338,234
1429,234
1494,234
1529,234
1597,234
1604,234
1645,234
1704,234
1743,234
1276,235
1320,235
1340,235
1429,235
1494,235
1529,235
1604,235
1705,235
1745,235
1161,236
1318,236
1339,236
1428,236
1495,236
1528,236
1604,236
1704,236
1747,236
1161,237
1317,237
1428,237
1495,237
1605,237
1651,237
1704,237
1748,237
1162,238
1316,238
1427,238
1495,238
1605,238
1748,238
1163,239
1202,239
1210,239
1318,239
1427,239
1495,239
1605,239
1657,239
1749,239
1164,240
1209,240
1426,240
1495,240
1606,240
1658,240
1749,240
1164,241
1209,241
1426,241
1496,241
1606,241
1658,241
1704,241
1750,241
1164,242
1209,242
1425,242
1496,242
1606,242
1658,242
1750,242
1165,243
1210,243
1424,243
1496,243
1607,243
1658,243
1750,243
1165,244
1210,244
1233,244
1277,244
1423,244
1497,244
1608,244
1659,244
1704,244
1751,244
1165,245
1211,245
1233,245
1277,245
1422,245
1497,245
1609,245
1659,245
1704,245
1751,245
1166,246
1213,246
1224,246
1234,246
1277,246
1421,246
1497,246
1610,246
1660,246
1706,246
1752,246
1165,247
1213,247
1232,247
1277,247
1498,247
1611,247
1660,247
1705,247
1166,248
1214,248
1234,248
1278,248
1611,248
1661,248
1705,248
1756,248
1875,248
1167,249
1236,249
1277,249
1662,249
1705,249
1874,249
1166,250
1236,250
1278,250
1663,250
1706,250
1758,250
1874,250
1166,251
1237,251
1277,251
1664,251
1705,251
1763,251
1874,251
1168,252
1238,252
1277,252
1664,252
1706,252
1764,252
1872,252
1103,253
1238,253
1277,253
1664,253
1706,253
1764,253
1872,253
1104,254
1170,254
1238,254
1277,254
1706,254
1765,254
1872,254
1105,255
1170,255
1277,255
1706,255
1765,255
1871,255
1080,256
1106,256
1170,256
1278,256
1706,256
1766,256
1870,256
1078,257
1106,257
1170,257
1277,257
1706,257
1766,257
1870,257
1078,258
1107,258
1173,258
1278,258
1706,258
1767,258
1870,258
1077,259
1108,259
1174,259
1277,259
1706,259
1768,259
1870,259
1076,260
1109,260
1174,260
1278,260
1706,260
1768,260
1869,260
1075,261
1110,261
1126,261
1175,261
1278,261
1706,261
1769,261
1870,261
1074,262
1109,262
1117,262
1126,262
1175,262
1278,262
1706,262
1769,262
1869,262
1074,263
1124,263
1175,263
1278,263
1706,263
1771,263
1868,263
1073,264
1126,264
1175,264
1706,264
1771,264
1867,264
1073,265
1126,265
1175,265
1073,266
1127,266
1176,266
1071,267
1128,267
1176,267
1065,268
1073,268
1128,268
1176,268
1065,269
1129,269
1177,269
1023,270
1055,270
1063,270
1130,270
1178,270
1859,270
1023,271
1055,271
1063,271
1132,271
1178,271
1858,271
1000,272
1024,272
1055,272
1179,272
1858,272
1000,273
1025,273
1054,273
1179,273
1858,273
1900,273
1905,273
1000,274
1024,274
1054,274
1858,274
1903,274
999,275
1022,275
1054,275
1857,275
1903,275
1001,276
1023,276
1053,276
1857,276
1902,276
998,277
1010,277
1022,277
1052,277
1857,277
1902,277
997,278
1021,278
1052,278
1857,278
1903,278
997,279
1051,279
1856,279
1902,279
967,280
997,280
1050,280
1856,280
1902,280
1914,280
966,281
998,281
1049,281
1855,281
1903,281
965,282
1048,282
1854,282
1905,282
967,283
1046,283
1854,283
967,284
1852,284
968,285
1852,285
969,286
1851,286
969,287
1851,287
970,288
971,289
973,290
975,291
1461,377
1296,378
1461,378
1297,379
1460,379
1297,380
1460,380
1518,380
1297,381
1460,381
1518,381
1574,381
1297,382
1460,382
1518,382
1574,382
1297,383
1460,383
1518,383
1574,383
1298,384
1460,384
1517,384
1573,384
1297,385
1389,385
1460,385
1517,385
1573,385
1297,386
1390,386
1460,386
1517,386
1572,386
1297,387
1391,387
1460,387
1516,387
1572,387
1297,388
1392,388
1460,388
1517,388
1572,388
1298,389
1393,389
1460,389
1516,389
1572,389
1298,390
1362,390
1393,390
1460,390
1516,390
1571,390
1298,391
1341,391
1364,391
1394,391
1460,391
1515,391
1571,391
1132,392
1298,392
1340,392
1365,392
1395,392
1459,392
1515,392
1571,392
1133,393
1297,393
1340,393
1365,393
1395,393
1460,393
1515,393
1570,393
1133,394
1231,394
1298,394
1338,394
1366,394
1396,394
1515,394
1571,394
1133,395
1230,395
1338,395
1366,395
1396,395
1405,395
1415,395
1515,395
1570,395
1133,396
1230,396
1351,396
1397,396
1406,396
1415,396
1570,396
1134,397
1230,397
1338,397
1351,397
1365,397
1413,397
1569,397
1134,398
1178,398
1230,398
1338,398
1351,398
1365,398
1416,398
1569,398
1134,399
1179,399
1231,399
1257,399
1338,399
1364,399
1417,399
1570,399
1135,400
1180,400
1232,400
1256,400
1339,400
1364,400
1417,400
1135,401
1180,401
1235,401
1256,401
1341,401
1418,401
1459,401
1135,402
1181,402
1233,402
1254,402
1299,402
1418,402
1458,402
1511,402
1135,403
1181,403
1234,403
1257,403
1299,403
1419,403
1458,403
1510,403
1135,404
1183,404
1234,404
1258,404
1299,404
1420,404
1458,404
1510,404
1135,405
1183,405
1259,405
1299,405
1421,405
1458,405
1510,405
1565,405
1135,406
1186,406
1199,406
1259,406
1299,406
1424,406
1458,406
1510,406
1136,407
1183,407
1192,407
1200,407
1260,407
1299,407
1458,407
1510,407
1136,408
1198,408
1260,408
1299,408
1458,408
1509,408
1562,408
1103,409
1136,409
1201,409
1260,409
1299,409
1458,409
1510,409
1562,409
1101,410
1201,410
1299,410
1458,410
1509,410
1562,410
1100,411
1202,411
1299,411
1458,411
1509,411
1562,411
1098,412
1203,412
1299,412
1458,412
1509,412
1562,412
1098,413
1203,413
1299,413
1458,413
1508,413
1562,413
1098,414
1137,414
1204,414
1299,414
1458,414
1508,414
1562,414
1097,415
1205,415
1299,415
1457,415
1508,415
1562,415
1096,416
1299,416
1457,416
1507,416
1561,416
986,417
1096,417
1299,417
1457,417
1507,417
1561,417
985,418
1095,418
1141,418
1299,418
1507,418
1560,418
1712,418
984,419
1094,419
1140,419
1506,419
1560,419
1713,419
1792,419
984,420
1017,420
1093,420
1141,420
1506,420
1560,420
1713,420
1790,420
984,421
1016,421
1086,421
1094,421
1141,421
1559,421
1713,421
1790,421
935,422
983,422
1017,422
1076,422
1141,422
1559,422
1714,422
1734,422
1789,422
936,423
983,423
1018,423
1076,423
1084,423
1141,423
1559,423
1715,423
1734,423
1789,423
934,424
983,424
1018,424
1076,424
1141,424
1558,424
1716,424
1735,424
1787,424
934,425
983,425
1019,425
1075,425
1141,425
1557,425
1716,425
1734,425
1787,425
933,426
982,426
1020,426
1074,426
1141,426
1717,426
1724,426
1736,426
1786,426
933,427
982,427
1020,427
1074,427
1141,427
1736,427
1786,427
884,428
932,428
982,428
1021,428
1042,428
1074,428
1142,428
1737,428
1785,428
884,429
932,429
982,429
1022,429
1031,429
1043,429
1072,429
1142,429
1738,429
1785,429
883,430
931,430
981,430
1022,430
1033,430
1043,430
1072,430
1142,430
1738,430
1785,430
825,431
882,431
931,431
982,431
1022,431
1032,431
1042,431
1072,431
1143,431
1739,431
1784,431
1842,431
825,432
881,432
931,432
981,432
1044,432
1070,432
1143,432
1782,432
1843,432
824,433
881,433
931,433
981,433
1044,433
1069,433
1143,433
1841,433
605,434
824,434
880,434
931,434
1045,434
1068,434
1143,434
1840,434
605,435
824,435
879,435
930,435
1046,435
1143,435
1777,435
1839,435
605,436
823,436
879,436
930,436
978,436
1046,436
1143,436
1839,436
605,437
823,437
878,437
930,437
979,437
1047,437
1773,437
1838,437
604,438
823,438
879,438
930,438
979,438
1048,438
1772,438
1838,438
604,439
822,439
878,439
929,439
979,439
1050,439
1772,439
1838,439
604,440
822,440
878,440
1772,440
1837,440
514,441
566,441
604,441
822,441
878,441
976,441
1771,441
1837,441
512,442
564,442
604,442
822,442
877,442
976,442
1771,442
1837,442
511,443
563,443
604,443
822,443
877,443
976,443
1770,443
1835,443
511,444
561,444
604,444
821,444
877,444
925,444
976,444
1770,444
510,445
561,445
604,445
821,445
925,445
976,445
1769,445
1831,445
1898,445
509,446
560,446
604,446
822,446
873,446
921,446
975,446
1769,446
1897,446
508,447
560,447
604,447
699,447
821,447
872,447
921,447
975,447
1767,447
1896,447
508,448
559,448
604,448
698,448
752,448
821,448
872,448
921,448
975,448
1767,448
1826,448
1895,448
507,449
558,449
604,449
698,449
752,449
872,449
920,449
974,449
1766,449
1825,449
1895,449
444,450
506,450
558,450
604,450
640,450
647,450
699,450
752,450
872,450
920,450
974,450
1764,450
1825,450
1894,450
445,451
487,451
498,451
506,451
558,451
604,451
644,451
700,451
752,451
867,451
920,451
975,451
1824,451
1893,451
445,452
490,452
506,452
557,452
605,452
644,452
700,452
753,452
773,452
819,452
867,452
920,452
974,452
1824,452
1893,452
445,453
490,453
557,453
645,453
701,453
753,453
775,453
819,453
866,453
920,453
973,453
1823,453
1892,453
1947,453
445,454
487,454
500,454
551,454
645,454
702,454
756,454
775,454
819,454
866,454
919,454
973,454
1824,454
1892,454
1947,454
445,455
487,455
645,455
667,455
703,455
720,455
756,455
766,455
777,455
866,455
919,455
973,455
1822,455
1891,455
1946,455
445,456
487,456
543,456
548,456
647,456
668,456
703,456
720,456
755,456
776,456
816,456
866,456
919,456
972,456
1822,456
1890,456
1945,456
445,457
486,457
544,457
553,457
605,457
649,457
668,457
702,457
717,457
775,457
816,457
865,457
918,457
972,457
1821,457
1884,457
1891,457
1945,457
445,458
485,458
543,458
605,458
648,458
666,458
719,458
778,458
816,458
865,458
917,458
1820,458
1944,458
446,459
484,459
542,459
648,459
669,459
719,459
778,459
816,459
865,459
917,459
1818,459
1874,459
1882,459
1944,459
446,460
484,460
542,460
670,460
722,460
779,460
816,460
864,460
917,460
1818,460
1877,460
1943,460
446,461
482,461
541,461
604,461
671,461
722,461
778,461
815,461
864,461
916,461
1875,461
1943,461
446,462
481,462
541,462
604,462
671,462
723,462
815,462
863,462
916,462
1874,462
1942,462
446,463
541,463
604,463
672,463
724,463
815,463
863,463
915,463
1874,463
1942,463
447,464
540,464
604,464
670,464
724,464
815,464
862,464
915,464
1873,464
1942,464
447,465
539,465
604,465
726,465
815,465
861,465
1873,465
1942,465
447,466
537,466
604,466
814,466
861,466
1872,466
1941,466
448,467
537,467
604,467
814,467
860,467
1871,467
1941,467
447,468
536,468
604,468
813,468
859,468
1871,468
1940,468
604,469
813,469
1869,469
604,470
814,470
1869,470
1977,470
604,471
813,471
1867,471
1935,471
1976,471
604,472
812,472
1934,472
1976,472
604,473
813,473
1934,473
1977,473
604,474
1932,474
1977,474
604,475
1931,475
1977,475
604,476
1929,476
1978,476
605,477
1929,477
1978,477
605,478
1929,478
1978,478
604,479
1928,479
1979,479
605,480
1928,480
1979,480
1928,481
1979,481
1928,482
1980,482
1928,483
1981,483
1927,484
1981,484
1927,485
1926,486
1925,487
1924,488
1923,489
1983,489
1923,490
1921,491
1274,541
1383,541
1274,542
1383,542
1273,543
1382,543
1272,544
1382,544
1157,545
1273,545
1382,545
1436,545
1156,546
1199,546
1273,546
1381,546
1437,546
1156,547
1201,547
1272,547
1381,547
1436,547
1483,547
1157,548
1202,548
1272,548
1380,548
1435,548
1483,548
1157,549
1202,549
1271,549
1380,549
1435,549
1483,549
1157,550
1203,550
1271,550
1379,550
1434,550
1483,550
1158,551
1204,551
1270,551
1380,551
1434,551
1483,551
1158,552
1205,552
1271,552
1379,552
1434,552
1483,552
1158,553
1205,553
1270,553
1379,553
1433,553
1482,553
1101,554
1158,554
1206,554
1270,554
1379,554
1433,554
1483,554
1101,555
1158,555
1206,555
1270,555
1378,555
1433,555
1483,555
1102,556
1158,556
1206,556
1270,556
1378,556
1432,556
1483,556
1102,557
1158,557
1207,557
1270,557
1378,557
1432,557
1483,557
1102,558
1158,558
1206,558
1269,558
1377,558
1433,558
1482,558
1548,558
1103,559
1158,559
1207,559
1269,559
1378,559
1432,559
1482,559
1546,559
1103,560
1158,560
1207,560
1376,560
1432,560
1483,560
1546,560
1582,560
102,561
155,561
1103,561
1158,561
1207,561
1267,561
1432,561
1482,561
1545,561
1582,561
100,562
155,562
1068,562
1104,562
1158,562
1208,562
1431,562
1482,562
1545,562
1583,562
98,563
154,563
1067,563
1103,563
1158,563
1373,563
1429,563
1482,563
1544,563
1583,563
98,564
153,564
1066,564
1104,564
1159,564
1373,564
1482,564
1543,564
1583,564
97,565
153,565
1065,565
1104,565
1213,565
1374,565
1482,565
1542,565
1584,565
97,566
152,566
1064,566
1104,566
1213,566
1427,566
1481,566
1542,566
1584,566
96,567
152,567
1063,567
1104,567
1213,567
1264,567
1541,567
1584,567
151,568
1062,568
1104,568
1218,568
1263,568
1370,568
1426,568
1541,568
1585,568
151,569
1062,569
1104,569
1159,569
1219,569
1264,569
1370,569
1541,569
1585,569
95,570
150,570
1061,570
1105,570
1219,570
1263,570
1370,570
1424,570
1541,570
1585,570
95,571
150,571
1061,571
1220,571
1263,571
1370,571
1424,571
1481,571
1540,571
1585,571
97,572
150,572
1060,572
1219,572
1263,572
1370,572
1423,572
1540,572
1585,572
150,573
1060,573
1220,573
1263,573
1370,573
1424,573
1539,573
1585,573
150,574
1060,574
1160,574
1220,574
1263,574
1369,574
1423,574
1480,574
1585,574
59,575
92,575
149,575
1060,575
1106,575
1161,575
1221,575
1262,575
1369,575
1423,575
1480,575
1534,575
1586,575
91,576
150,576
1059,576
1161,576
1221,576
1262,576
1369,576
1423,576
1480,576
1534,576
1586,576
91,577
150,577
1059,577
1161,577
1221,577
1262,577
1369,577
1423,577
1479,577
1585,577
90,578
150,578
1058,578
1108,578
1161,578
1222,578
1262,578
1369,578
1422,578
1480,578
1585,578
90,579
1109,579
1161,579
1223,579
1262,579
1368,579
1423,579
1480,579
1530,579
1586,579
90,580
986,580
1053,580
1108,580
1161,580
1224,580
1261,580
1368,580
1421,580
1480,580
1529,580
90,581
987,581
1053,581
1109,581
1161,581
1223,581
1261,581
1367,581
1422,581
1480,581
1528,581
90,582
988,582
1053,582
1109,582
1162,582
1225,582
1260,582
1367,582
1421,582
1480,582
1528,582
1703,582
90,583
148,583
989,583
1109,583
1161,583
1226,583
1260,583
1366,583
1420,583
1480,583
1528,583
1587,583
1702,583
89,584
150,584
989,584
1047,584
1109,584
1162,584
1226,584
1260,584
1366,584
1419,584
1480,584
1528,584
1587,584
1702,584
89,585
901,585
990,585
1046,585
1109,585
1162,585
1259,585
1365,585
1420,585
1480,585
1528,585
1702,585
89,586
143,586
900,586
991,586
1046,586
1109,586
1162,586
1364,586
1419,586
1479,586
1527,586
1701,586
89,587
142,587
210,587
900,587
991,587
1046,587
1109,587
1162,587
1365,587
1418,587
1479,587
1527,587
1651,587
1701,587
88,588
142,588
187,588
211,588
900,588
993,588
1008,588
1046,588
1110,588
1162,588
1418,588
1479,588
1526,588
1589,588
1631,588
1652,588
1700,588
88,589
142,589
186,589
212,589
838,589
899,589
992,589
1001,589
1008,589
1046,589
1110,589
1162,589
1479,589
1525,589
1590,589
1631,589
1652,589
1700,589
88,590
142,590
187,590
213,590
838,590
899,590
1008,590
1045,590
1110,590
1162,590
1479,590
1525,590
1590,590
1629,590
1653,590
1699,590
87,591
141,591
185,591
212,591
837,591
899,591
936,591
1009,591
1045,591
1111,591
1162,591
1479,591
1524,591
1590,591
1628,591
1652,591
1699,591
87,592
141,592
185,592
210,592
292,592
837,592
898,592
934,592
1009,592
1043,592
1111,592
1162,592
1479,592
1523,592
1590,592
1631,592
1652,592
1699,592
141,593
186,593
210,593
292,593
838,593
898,593
934,593
1010,593
1044,593
1110,593
1163,593
1478,593
1522,593
1590,593
1628,593
1651,593
1699,593
140,594
185,594
211,594
293,594
838,594
897,594
933,594
957,594
1011,594
1044,594
1111,594
1479,594
1522,594
1590,594
1628,594
1638,594
1651,594
1698,594
140,595
185,595
212,595
294,595
838,595
897,595
934,595
958,595
1012,595
1042,595
1478,595
1521,595
1590,595
1628,595
1651,595
1698,595
140,596
187,596
210,596
295,596
838,596
897,596
935,596
958,596
1012,596
1042,596
1590,596
1629,596
1698,596
140,597
186,597
210,597
296,597
838,597
897,597
947,597
1013,597
1041,597
1590,597
1632,597
1697,597
140,598
296,598
839,598
897,598
936,598
958,598
1014,598
1040,598
1590,598
1697,598
139,599
297,599
839,599
897,599
936,599
960,599
1039,599
1590,599
139,600
297,600
839,600
896,600
937,600
961,600
1591,600
139,601
298,601
839,601
960,601
1591,601
139,602
298,602
839,602
894,602
958,602
1591,602
138,603
298,603
771,603
839,603
1592,603
1758,603
299,604
634,604
772,604
839,604
1591,604
1759,604
298,605
634,605
773,605
839,605
1592,605
1689,605
1758,605
301,606
633,606
774,606
840,606
1592,606
1690,606
1757,606
304,607
506,607
633,607
775,607
892,607
1591,607
1689,607
1757,607
305,608
507,608
632,608
775,608
890,608
1688,608
1756,608
306,609
371,609
450,609
508,609
632,609
776,609
891,609
1689,609
1755,609
307,610
372,610
451,610
508,610
589,610
632,610
777,610
891,610
1689,610
1755,610
311,611
349,611
373,611
452,611
509,611
588,611
631,611
747,611
777,611
890,611
1688,611
1754,611
311,612
347,612
373,612
453,612
510,612
587,612
630,612
747,612
778,612
890,612
1688,612
1752,612
312,613
347,613
373,613
423,613
454,613
510,613
585,613
631,613
748,613
779,613
890,613
1687,613
1737,613
1745,613
1753,613
311,614
348,614
369,614
425,614
454,614
511,614
584,614
630,614
747,614
778,614
786,614
842,614
890,614
1687,614
1739,614
312,615
349,615
372,615
401,615
425,615
455,615
511,615
584,615
630,615
693,615
747,615
779,615
787,615
796,615
842,615
890,615
1687,615
1737,615
313,616
346,616
369,616
400,616
426,616
455,616
512,616
583,616
631,616
692,616
746,616
789,616
796,616
842,616
889,616
1686,616
1736,616
313,617
346,617
369,617
400,617
426,617
456,617
512,617
583,617
630,617
693,617
724,617
745,617
796,617
842,617
889,617
1686,617
1736,617
313,618
345,618
370,618
400,618
424,618
457,618
512,618
581,618
630,618
692,618
723,618
743,618
796,618
842,618
889,618
1685,618
1735,618
1783,618
314,619
346,619
412,619
457,619
513,619
582,619
630,619
691,619
723,619
734,619
744,619
797,619
842,619
889,619
1685,619
1735,619
1783,619
315,620
347,620
398,620
421,620
458,620
513,620
581,620
629,620
691,620
725,620
743,620
797,620
842,620
888,620
1684,620
1734,620
1783,620
315,621
399,621
424,621
459,621
515,621
581,621
671,621
689,621
722,621
743,621
797,621
843,621
887,621
1683,621
1733,621
1782,621
317,622
399,622
422,622
466,622
517,622
580,622
671,622
681,622
690,622
721,622
798,622
842,622
887,622
1732,622
1784,622
318,623
399,623
471,623
574,623
580,623
672,623
682,623
689,623
720,623
799,623
843,623
887,623
1784,623
1808,623
319,624
400,624
473,624
520,624
670,624
688,624
719,624
800,624
843,624
1784,624
1809,624
1834,624
319,625
474,625
521,625
572,625
628,625
669,625
719,625
801,625
843,625
1787,625
1809,625
1836,625
475,626
565,626
668,626
719,626
802,626
843,626
1786,626
1806,626
1837,626
475,627
525,627
565,627
668,627
804,627
843,627
1787,627
1795,627
1811,627
1838,627
476,628
525,628
564,628
623,628
667,628
843,628
1787,628
1811,628
1838,628
477,629
526,629
564,629
623,629
666,629
843,629
1811,629
1839,629
477,630
526,630
563,630
623,630
844,630
1812,630
1840,630
478,631
526,631
563,631
623,631
844,631
1812,631
1840,631
479,632
526,632
562,632
622,632
1811,632
1841,632
479,633
527,633
561,633
622,633
1842,633
481,634
527,634
561,634
622,634
1842,634
482,635
528,635
560,635
622,635
1842,635
529,636
559,636
621,636
1843,636
529,637
557,637
622,637
1844,637
530,638
556,638
621,638
531,639
621,639
1849,639
532,640
620,640
1850,640
533,641
620,641
1857,641
620,642
1856,642
619,643
1857,643
619,644
1857,644
618,645
1858,645
1858,646
1858,647
1859,648
1860,649
1860,650
1861,651
1862,652
1863,653
1864,654
1865,655
1938,662
1939,663
1940,664
1941,665
1941,666
1943,667
1943,668
1944,669
1946,670
1961,670
1944,671
1953,671
1960,671
1960,672
1961,673
1962,674
1963,675
1963,676
1964,677
1965,678
1965,679
1989,681
1988,682
1988,683
1988,684
1988,685
2013,685
1989,686
2013,686
1991,687
2014,687
1993,688
2013,688
1992,689
2002,689
2014,689
1992,690
2016,690
1993,691
2015,691
2017,692
2017,693
2018,694
2018,695
2043,706
2053,706
2044,707
2052,707
2045,708
2044,709
2043,710
2043,711
2042,712
1124,713
2042,713
1125,714
2041,714
1125,715
1195,715
2040,715
1125,716
1194,716
2039,716
1126,717
1192,717
2038,717
1125,718
1191,718
2037,718
1126,719
1191,719
2033,719
1126,720
1190,720
1126,721
1190,721
1012,722
1126,722
1189,722
1013,723
1126,723
1189,723
1277,723
1013,724
1126,724
1188,724
1224,724
1275,724
1014,725
1126,725
1188,725
1223,725
1276,725
1381,725
1014,726
1126,726
1187,726
1222,726
1276,726
1358,726
1383,726
1014,727
1126,727
1187,727
1222,727
1245,727
1276,727
1357,727
1384,727
1015,728
1127,728
1187,728
1222,728
1246,728
1278,728
1357,728
1385,728
1015,729
1126,729
1183,729
1222,729
1247,729
1278,729
1299,729
1357,729
1385,729
1016,730
1127,730
1235,730
1279,730
1299,730
1357,730
1386,730
1016,731
1223,731
1235,731
1247,731
1280,731
1289,731
1298,731
1331,731
1356,731
1387,731
1431,731
47,732
1016,732
1180,732
1225,732
1248,732
1279,732
1298,732
1330,732
1356,732
1388,732
1433,732
48,733
1017,733
1177,733
1225,733
1249,733
1280,733
1299,733
1331,733
1354,733
1387,733
1435,733
50,734
1017,734
1176,734
1248,734
1301,734
1333,734
1353,734
1388,734
1435,734
51,735
906,735
1017,735
1176,735
1249,735
1301,735
1332,735
1354,735
1389,735
1437,735
51,736
907,736
1017,736
1175,736
1247,736
1301,736
1329,736
1353,736
1389,736
1437,736
52,737
907,737
1017,737
1130,737
1175,737
1303,737
1329,737
1394,737
1438,737
53,738
907,738
1129,738
1175,738
1302,738
1328,738
1395,738
1439,738
53,739
908,739
982,739
1129,739
1174,739
1304,739
1328,739
1396,739
1402,739
1439,739
53,740
909,740
981,740
1130,740
1174,740
1327,740
1402,740
1440,740
54,741
908,741
981,741
1021,741
1130,741
1173,741
1328,741
1403,741
1440,741
54,742
909,742
980,742
1021,742
1130,742
1172,742
1403,742
1441,742
1517,742
54,743
857,743
910,743
979,743
1130,743
1172,743
1403,743
1441,743
1448,743
1515,743
55,744
857,744
910,744
979,744
1130,744
1171,744
1404,744
1450,744
1458,744
1515,744
54,745
857,745
910,745
978,745
1024,745
1130,745
1170,745
1404,745
1448,745
1458,745
1514,745
55,746
858,746
910,746
977,746
1026,746
1130,746
1169,746
1405,746
1458,746
1513,746
56,747
858,747
910,747
959,747
969,747
978,747
1025,747
1131,747
1406,747
1459,747
1513,747
1571,747
61,748
173,748
804,748
858,748
910,748
959,748
976,748
1025,748
1130,748
1406,748
1460,748
1512,748
1570,748
172,749
805,749
858,749
910,749
958,749
966,749
976,749
1025,749
1131,749
1408,749
1460,749
1512,749
1569,749
63,750
172,750
805,750
859,750
911,750
958,750
1025,750
1131,750
1409,750
1461,750
1493,750
1509,750
1568,750
64,751
128,751
171,751
804,751
859,751
912,751
957,751
1026,751
1131,751
1410,751
1462,751
1494,751
1501,751
1512,751
1567,751
68,752
129,752
171,752
805,752
859,752
911,752
957,752
1026,752
1131,752
1462,752
1495,752
1566,752
68,753
128,753
170,753
805,753
859,753
957,753
1026,753
1132,753
1463,753
1493,753
1566,753
68,754
127,754
170,754
805,754
860,754
956,754
1027,754
1464,754
1492,754
1565,754
68,755
128,755
170,755
806,755
859,755
955,755
1027,755
1466,755
1491,755
1564,755
69,756
126,756
169,756
805,756
859,756
954,756
1028,756
1467,756
1491,756
1564,756
69,757
126,757
170,757
768,757
806,757
859,757
953,757
1028,757
1490,757
1563,757
69,758
103,758
123,758
169,758
767,758
806,758
860,758
951,758
1028,758
1489,758
1557,758
1564,758
69,759
103,759
122,759
169,759
701,759
767,759
806,759
859,759
1029,759
1488,759
70,760
104,760
115,760
123,760
169,760
701,760
765,760
806,760
861,760
918,760
1030,760
1487,760
1547,760
1554,760
71,761
103,761
124,761
169,761
701,761
765,761
807,761
918,761
1030,761
1548,761
71,762
102,762
169,762
702,762
764,762
806,762
919,762
1547,762
72,763
101,763
169,763
702,763
764,763
807,763
919,763
1546,763
73,764
100,764
169,764
701,764
763,764
806,764
918,764
1546,764
74,765
100,765
702,765
763,765
806,765
862,765
919,765
1545,765
75,766
99,766
373,766
701,766
762,766
807,766
919,766
1545,766
76,767
98,767
373,767
701,767
762,767
919,767
1544,767
97,768
373,768
701,768
762,768
862,768
919,768
1543,768
97,769
170,769
374,769
600,769
701,769
761,769
864,769
920,769
1543,769
374,770
600,770
701,770
761,770
864,770
920,770
1541,770
209,771
374,771
599,771
702,771
761,771
809,771
863,771
921,771
1540,771
164,772
208,772
231,772
314,772
375,772
599,772
701,772
761,772
809,772
864,772
921,772
1540,772
164,773
207,773
231,773
315,773
375,773
551,773
599,773
702,773
761,773
864,773
921,773
1646,773
164,774
207,774
233,774
316,774
375,774
551,774
598,774
702,774
759,774
809,774
864,774
922,774
1646,774
164,775
210,775
234,775
316,775
375,775
550,775
598,775
702,775
864,775
923,775
1647,775
164,776
220,776
317,776
375,776
549,776
598,776
702,776
810,776
864,776
923,776
1648,776
164,777
208,777
233,777
318,777
375,777
549,777
597,777
701,777
811,777
864,777
924,777
1648,777
163,778
208,778
234,778
318,778
376,778
548,778
597,778
702,778
757,778
811,778
865,778
1648,778
163,779
209,779
233,779
318,779
376,779
418,779
547,779
597,779
754,779
811,779
865,779
1650,779
1670,779
1726,779
163,780
210,780
233,780
319,780
376,780
421,780
547,780
597,780
754,780
811,780
865,780
1650,780
1659,780
1671,780
1724,780
163,781
230,781
234,781
319,781
376,781
421,781
547,781
597,781
636,781
750,781
811,781
866,781
1652,781
1668,781
1723,781
163,782
320,782
377,782
422,782
546,782
593,782
599,782
636,782
661,782
702,782
750,782
811,782
866,782
1651,782
1672,782
1723,782
163,783
320,783
377,783
423,783
546,783
597,783
635,783
661,783
703,783
749,783
811,783
866,783
1672,783
1722,783
163,784
319,784
377,784
423,784
546,784
597,784
634,784
663,784
749,784
811,784
866,784
1672,784
1721,784
162,785
378,785
424,785
546,785
596,785
635,785
663,785
749,785
811,785
867,785
1674,785
1721,785
162,786
327,786
425,786
546,786
637,786
662,786
749,786
811,786
1674,786
1720,786
162,787
329,787
379,787
425,787
546,787
649,787
702,787
748,787
811,787
1675,787
1720,787
1776,787
161,788
332,788
425,788
635,788
663,788
702,788
749,788
812,788
1675,788
1719,788
1775,788
161,789
332,789
380,789
427,789
635,789
662,789
703,789
748,789
812,789
1719,789
1774,789
333,790
381,790
427,790
597,790
636,790
663,790
702,790
748,790
812,790
1718,790
1774,790
333,791
637,791
662,791
702,791
747,791
812,791
1717,791
1773,791
334,792
439,792
543,792
594,792
702,792
747,792
812,792
1773,792
333,793
383,793
441,793
702,793
746,793
813,793
1772,793
334,794
383,794
442,794
540,794
593,794
702,794
745,794
813,794
1711,794
1772,794
335,795
383,795
442,795
538,795
593,795
702,795
745,795
813,795
1707,795
1771,795
335,796
384,796
443,796
537,796
592,796
702,796
744,796
1706,796
1771,796
337,797
384,797
443,797
537,797
592,797
702,797
743,797
1706,797
1771,797
338,798
383,798
444,798
536,798
593,798
702,798
743,798
1706,798
1770,798
338,799
384,799
445,799
537,799
592,799
702,799
1705,799
1770,799
339,800
384,800
445,800
536,800
592,800
703,800
1705,800
1770,800
384,801
446,801
536,801
592,801
702,801
1704,801
1770,801
384,802
447,802
535,802
592,802
702,802
1704,802
1769,802
384,803
449,803
535,803
592,803
702,803
1703,803
1769,803
385,804
450,804
535,804
591,804
702,804
1702,804
385,805
534,805
591,805
703,805
1700,805
1765,805
1829,805
385,806
533,806
591,806
703,806
1700,806
1831,806
386,807
533,807
591,807
1699,807
1829,807
386,808
533,808
590,808
1828,808
387,809
532,809
590,809
1827,809
387,810
590,810
1760,810
1826,810
387,811
1759,811
1826,811
389,812
1759,812
1826,812
1759,813
1825,813
1759,814
1824,814
1759,815
1824,815
1759,816
1824,816
1759,817
1824,817
1758,818
1822,818
1757,819
1822,819
1757,820
1822,820
1757,821
1816,821
1755,822
1755,823
1754,824
1810,824
1753,825
1809,825
1753,826
1809,826
1808,827
1808,828
1881,828
1808,829
1882,829
1807,830
1882,830
1806,831
1881,831
1806,832
1880,832
1806,833
1880,833
1804,834
1879,834
1804,835
1878,835
1802,836
1877,836
1801,837
1858,837
1875,837
1801,838
1857,838
1867,838
1877,838
1902,838
1859,839
1878,839
1903,839
1856,840
1905,840
1856,841
1906,841
1855,842
1907,842
1855,843
1907,843
1854,844
1908,844
1853,845
1909,845
1852,846
1909,846
1852,847
1910,847
1848,848
1910,848
1911,849
1911,850
1911,851
1911,852
1912,853
1959,853
1960,854
1917,855
1961,855
1917,856
1961,856
1920,857
1962,857
1924,858
1962,858
1925,859
1962,859
1925,860
1963,860
1926,861
1964,861
1926,862
1964,862
1926,863
1964,863
1927,864
1964,864
1927,865
1964,865
1927,866
1964,866
1928,867
1965,867
1929,868
1965,868
1929,869
1965,869
1930,870
1965,870
1931,871
1933,872
1933,873
1094,874
1967,874
1095,875
1095,876
1042,877
1095,877
1041,878
1095,878
1972,878
1041,879
1095,879
1214,879
1971,879
2033,879
1041,880
1095,880
1214,880
1972,880
2032,880
1042,881
1095,881
1212,881
1972,881
2031,881
1042,882
1095,882
1213,882
1305,882
1973,882
2030,882
1042,883
1095,883
1212,883
1306,883
1972,883
2029,883
1042,884
1095,884
1211,884
1306,884
1973,884
2028,884
1042,885
1095,885
1211,885
1306,885
1973,885
2028,885
1042,886
1095,886
1210,886
1306,886
1973,886
2027,886
1042,887
1096,887
1210,887
1307,887
1973,887
2027,887
949,888
1042,888
1095,888
1210,888
1307,888
1974,888
2026,888
949,889
1042,889
1096,889
1210,889
1307,889
1974,889
2026,889
948,890
1042,890
1096,890
1209,890
1307,890
1974,890
2026,890
948,891
1042,891
1096,891
1209,891
1308,891
1975,891
2025,891
947,892
1042,892
1096,892
1209,892
1308,892
1975,892
2018,892
2025,892
947,893
1041,893
1095,893
1209,893
1243,893
1308,893
1356,893
1975,893
2017,893
946,894
1042,894
1208,894
1243,894
1308,894
1355,894
1976,894
945,895
1042,895
1208,895
1244,895
1309,895
1357,895
1976,895
2010,895
2015,895
945,896
1244,896
1308,896
1357,896
2010,896
944,897
1096,897
1245,897
1309,897
1358,897
2010,897
943,898
1203,898
1246,898
1308,898
1358,898
2009,898
943,899
1043,899
1204,899
1247,899
1308,899
1358,899
2009,899
943,900
1249,900
1267,900
1309,900
1359,900
2008,900
943,901
1249,901
1258,901
1267,901
1308,901
1359,901
2008,901
942,902
1043,902
1199,902
1248,902
1266,902
1360,902
2007,902
832,903
942,903
1098,903
1200,903
1250,903
1267,903
1360,903
2007,903
831,904
868,904
942,904
1097,904
1199,904
1269,904
1360,904
2006,904
831,905
870,905
941,905
1044,905
1097,905
1199,905
1269,905
1311,905
1360,905
1465,905
2005,905
831,906
871,906
1044,906
1098,906
1199,906
1269,906
1360,906
1466,906
2003,906
2052,906
831,907
872,907
1043,907
1097,907
1198,907
1271,907
1360,907
1466,907
2003,907
2053,907
831,908
872,908
936,908
1044,908
1097,908
1198,908
1271,908
1311,908
1362,908
1466,908
2000,908
2053,908
831,909
873,909
937,909
1043,909
1098,909
1198,909
1272,909
1467,909
2054,909
831,910
873,910
1044,910
1098,910
1197,910
1313,910
1467,910
2055,910
830,911
874,911
934,911
1044,911
1097,911
1197,911
1313,911
1403,911
1467,911
2055,911
830,912
875,912
931,912
1044,912
1098,912
1197,912
1313,912
1403,912
1468,912
2057,912
831,913
875,913
930,913
1044,913
1097,913
1196,913
1313,913
1403,913
1468,913
2059,913
2076,913
831,914
877,914
930,914
1044,914
1098,914
1196,914
1313,914
1367,914
1403,914
1468,914
2057,914
2066,914
2075,914
830,915
875,915
929,915
1044,915
1097,915
1195,915
1313,915
1368,915
1404,915
1427,915
1468,915
2058,915
2075,915
765,916
831,916
884,916
890,916
930,916
1044,916
1098,916
1195,916
1313,916
1369,916
1404,916
1427,916
1468,916
2077,916
728,917
766,917
831,917
889,917
929,917
1044,917
1098,917
1193,917
1314,917
1368,917
1406,917
1428,917
1468,917
2078,917
728,918
767,918
830,918
891,918
929,918
1044,918
1098,918
1193,918
1314,918
1369,918
1406,918
1417,918
1429,918
1468,918
2078,918
727,919
767,919
830,919
891,919
928,919
1044,919
1098,919
1314,919
1369,919
1406,919
1429,919
1468,919
2079,919
727,920
768,920
891,920
928,920
1044,920
1098,920
1314,920
1369,920
1408,920
1430,920
1469,920
2079,920
727,921
769,921
892,921
927,921
1044,921
1098,921
1314,921
1369,921
1407,921
1431,921
1468,921
2080,921
137,922
727,922
769,922
893,922
927,922
1045,922
1314,922
1369,922
1431,922
1468,922
2079,922
137,923
726,923
770,923
893,923
927,923
1045,923
1314,923
1370,923
1431,923
2101,923
137,924
662,924
726,924
770,924
894,924
926,924
1315,924
1371,924
1431,924
2103,924
136,925
662,925
726,925
770,925
895,925
926,925
1315,925
1370,925
1430,925
2104,925
136,926
662,926
726,926
771,926
896,926
924,926
1315,926
1371,926
1470,926
2105,926
136,927
663,927
726,927
771,927
829,927
897,927
924,927
1315,927
1371,927
2106,927
136,928
663,928
726,928
771,928
829,928
923,928
1316,928
1373,928
1568,928
2107,928
136,929
664,929
726,929
772,929
829,929
1373,929
1569,929
2108,929
135,930
664,930
725,930
829,930
1509,930
1569,930
2108,930
135,931
664,931
725,931
776,931
829,931
1472,931
1509,931
1570,931
2108,931
135,932
602,932
665,932
725,932
777,932
829,932
1472,932
1509,932
1571,932
2109,932
135,933
174,933
603,933
665,933
725,933
829,933
1472,933
1509,933
1532,933
1571,933
2109,933
135,934
175,934
604,934
666,934
726,934
783,934
829,934
1473,934
1510,934
1533,934
1571,934
2110,934
135,935
176,935
604,935
665,935
781,935
829,935
1472,935
1510,935
1533,935
1572,935
2114,935
135,936
177,936
605,936
666,936
782,936
829,936
1473,936
1512,936
1531,936
1572,936
2116,936
135,937
178,937
606,937
666,937
782,937
829,937
1473,937
1512,937
1534,937
1572,937
1624,937
2123,937
135,938
179,938
607,938
666,938
782,938
829,938
1472,938
1512,938
1535,938
1572,938
1624,938
2123,938
135,939
179,939
607,939
667,939
725,939
783,939
829,939
1473,939
1512,939
1536,939
1573,939
1624,939
2124,939
180,940
226,940
391,940
608,940
667,940
783,940
829,940
1473,940
1536,940
1572,940
1624,940
2124,940
180,941
227,941
391,941
608,941
668,941
783,941
829,941
1473,941
1536,941
1573,941
1624,941
2124,941
180,942
229,942
392,942
608,942
722,942
784,942
828,942
1474,942
1537,942
1573,942
1625,942
2124,942
139,943
181,943
230,943
393,943
609,943
722,943
784,943
829,943
1474,943
1572,943
1625,943
2126,943
136,944
182,944
230,944
393,944
610,944
670,944
722,944
785,944
829,944
1474,944
1573,944
1625,944
2126,944
181,945
231,945
311,945
394,945
576,945
609,945
671,945
722,945
786,945
1474,945
1626,945
2127,945
182,946
232,946
309,946
395,946
579,946
610,946
722,946
786,946
1474,946
1625,946
2128,946
134,947
181,947
187,947
232,947
308,947
395,947
578,947
611,947
721,947
788,947
1474,947
1626,947
2129,947
134,948
188,948
233,948
307,948
395,948
577,948
610,948
615,948
674,948
722,948
788,948
1474,948
1626,948
2130,948
134,949
191,949
233,949
306,949
396,949
578,949
616,949
674,949
721,949
1626,949
2131,949
134,950
233,950
305,950
396,950
576,950
617,950
674,950
721,950
1626,950
133,951
194,951
234,951
305,951
396,951
576,951
618,951
674,951
721,951
1577,951
1626,951
134,952
195,952
234,952
240,952
304,952
397,952
552,952
575,952
675,952
720,952
1578,952
1626,952
133,953
196,953
304,953
336,953
396,953
553,953
573,953
623,953
675,953
721,953
1578,953
1626,953
133,954
196,954
246,954
303,954
336,954
397,954
444,954
466,954
552,954
564,954
574,954
623,954
675,954
721,954
1578,954
1626,954
133,955
197,955
248,955
302,955
336,955
397,955
445,955
468,955
552,955
574,955
624,955
675,955
720,955
1578,955
1626,955
133,956
196,956
250,956
300,956
337,956
358,956
443,956
469,956
550,956
573,956
624,956
675,956
720,956
1579,956
1626,956
133,957
197,957
249,957
288,957
296,957
337,957
359,957
443,957
470,957
551,957
624,957
676,957
720,957
1578,957
133,958
197,958
250,958
289,958
349,958
403,958
457,958
549,958
624,958
676,958
720,958
1579,958
133,959
198,959
250,959
287,959
338,959
359,959
403,959
444,959
468,959
548,959
625,959
676,959
719,959
1579,959
133,960
199,960
251,960
286,960
339,960
361,960
403,960
444,960
471,960
549,960
625,960
677,960
1579,960
1627,960
133,961
200,961
251,961
286,961
339,961
362,961
404,961
444,961
469,961
548,961
626,961
678,961
1579,961
133,962
200,962
252,962
285,962
362,962
444,962
469,962
548,962
626,962
678,962
1580,962
133,963
201,963
253,963
285,963
362,963
407,963
446,963
469,963
627,963
679,963
1580,963
133,964
203,964
253,964
284,964
360,964
408,964
628,964
680,964
1580,964
254,965
284,965
408,965
628,965
679,965
1580,965
1629,965
257,966
282,966
408,966
631,966
1581,966
1629,966
258,967
282,967
408,967
631,967
1581,967
1629,967
280,968
409,968
1629,968
409,969
1629,969
409,970
1629,970
409,971
1630,971
410,972
1630,972
411,973
1630,973
412,974
1630,974
1715,974
412,975
1630,975
1716,975
413,976
1630,976
1718,976
414,977
1630,977
1718,977
414,978
1631,978
1719,978
414,979
1630,979
1720,979
1631,980
1720,980
1630,981
1721,981
1631,982
1722,982
1631,983
1722,983
1723,984
1723,985
1723,986
1794,986
1724,987
1794,987
1723,988
1730,988
1793,988
1793,989
1731,990
1792,990
1737,991
1792,991
1738,992
1791,992
1739,993
1790,993
1740,994
1790,994
1740,995
1789,995
1740,996
1789,996
1740,997
1789,997
1742,998
1788,998
1742,999
1788,999
1743,1000
1788,1000
1744,1001
1787,1001
1745,1002
1787,1002
1746,1003
1783,1003
1747,1004
1781,1005
1777,1008
1776,1009
1776,1010
1775,1011
1775,1012
1775,1013
1775,1014
1774,1015
1846,1015
1774,1016
1846,1016
1773,1017
1846,1017
1773,1018
1844,1018
1772,1019
1844,1019
1772,1020
1844,1020
1771,1021
1823,1021
1841,1021
1770,1022
1822,1022
1840,1022
1768,1023
1825,1023
1842,1023
1769,1024
1822,1024
1842,1024
1821,1025
1897,1025
1820,1026
1896,1026
1819,1027
1895,1027
1819,1028
1894,1028
1819,1029
1893,1029
1819,1030
1893,1030
1892,1031
1891,1032
1891,1033
1890,1034
1890,1035
1890,1036
1889,1037
1889,1038
1888,1039
1883,1040
1882,1041
1880,1043
1877,1044
1876,1045
956,1046
1072,1046
1875,1046
956,1047
1072,1047
1178,1047
1875,1047
956,1048
1071,1048
1127,1048
1178,1048
1876,1048
957,1049
1071,1049
1126,1049
1177,1049
1874,1049
956,1050
1071,1050
1126,1050
1178,1050
1874,1050
1915,1050
956,1051
1070,1051
1125,1051
1177,1051
1873,1051
1918,1051
956,1052
1069,1052
1125,1052
1177,1052
1873,1052
1918,1052
956,1053
1070,1053
1124,1053
1176,1053
1216,1053
1872,1053
1919,1053
843,1054
956,1054
996,1054
1069,1054
1124,1054
1176,1054
1216,1054
1871,1054
1920,1054
843,1055
957,1055
997,1055
1069,1055
1123,1055
1176,1055
1216,1055
1870,1055
1920,1055
843,1056
957,1056
999,1056
1069,1056
1123,1056
1175,1056
1217,1056
1870,1056
1921,1056
844,1057
888,1057
957,1057
1000,1057
1068,1057
1123,1057
1176,1057
1218,1057
1275,1057
1868,1057
1922,1057
844,1058
888,1058
957,1058
1000,1058
1068,1058
1123,1058
1175,1058
1219,1058
1275,1058
1922,1058
844,1059
890,1059
957,1059
1001,1059
1068,1059
1122,1059
1175,1059
1219,1059
1276,1059
1923,1059
845,1060
890,1060
957,1060
1002,1060
1068,1060
1122,1060
1175,1060
1219,1060
1276,1060
1923,1060
1931,1060
845,1061
892,1061
957,1061
1002,1061
1068,1061
1122,1061
1175,1061
1220,1061
1276,1061
1923,1061
1932,1061
1942,1061
846,1062
892,1062
957,1062
1002,1062
1122,1062
1175,1062
1220,1062
1276,1062
1941,1062
846,1063
893,1063
957,1063
1004,1063
1120,1063
1175,1063
1221,1063
1276,1063
1942,1063
846,1064
894,1064
1004,1064
1065,1064
1174,1064
1221,1064
1277,1064
1942,1064
847,1065
894,1065
1003,1065
1011,1065
1019,1065
1065,1065
1221,1065
1277,1065
1943,1065
847,1066
895,1066
1018,1066
1221,1066
1277,1066
1944,1066
847,1067
895,1067
1020,1067
1064,1067
1221,1067
1277,1067
1945,1067
847,1068
896,1068
1020,1068
1222,1068
1277,1068
1945,1068
1967,1068
847,1069
897,1069
1021,1069
1062,1069
1116,1069
1222,1069
1277,1069
1946,1069
1969,1069
847,1070
895,1070
904,1070
1021,1070
1061,1070
1116,1070
1223,1070
1277,1070
1947,1070
1969,1070
759,1071
847,1071
905,1071
1022,1071
1062,1071
1115,1071
1277,1071
1948,1071
1971,1071
759,1072
847,1072
906,1072
913,1072
959,1072
1023,1072
1061,1072
1115,1072
1170,1072
1277,1072
1972,1072
758,1073
781,1073
912,1073
958,1073
1023,1073
1061,1073
1115,1073
1170,1073
1278,1073
1346,1073
1972,1073
757,1074
781,1074
914,1074
959,1074
1023,1074
1061,1074
1114,1074
1170,1074
1277,1074
1345,1074
1372,1074
1973,1074
756,1075
783,1075
851,1075
913,1075
959,1075
1025,1075
1061,1075
1114,1075
1170,1075
1278,1075
1344,1075
1372,1075
1974,1075
756,1076
784,1076
914,1076
958,1076
1027,1076
1060,1076
1114,1076
1170,1076
1230,1076
1343,1076
1373,1076
1974,1076
754,1077
784,1077
915,1077
959,1077
1061,1077
1114,1077
1170,1077
1230,1077
1343,1077
1374,1077
1974,1077
698,1078
754,1078
785,1078
915,1078
958,1078
1060,1078
1113,1078
1169,1078
1230,1078
1341,1078
1374,1078
1975,1078
697,1079
754,1079
785,1079
916,1079
959,1079
1060,1079
1113,1079
1169,1079
1230,1079
1340,1079
1376,1079
1975,1079
697,1080
753,1080
786,1080
853,1080
917,1080
959,1080
1059,1080
1113,1080
1169,1080
1230,1080
1341,1080
1376,1080
1977,1080
697,1081
752,1081
788,1081
854,1081
917,1081
959,1081
1059,1081
1112,1081
1169,1081
1231,1081
1340,1081
1376,1081
1982,1081
696,1082
752,1082
790,1082
808,1082
854,1082
918,1082
959,1082
1058,1082
1111,1082
1166,1082
1171,1082
1231,1082
1339,1082
1377,1082
1982,1082
696,1083
752,1083
788,1083
799,1083
808,1083
854,1083
919,1083
959,1083
1058,1083
1111,1083
1168,1083
1231,1083
1281,1083
1340,1083
1377,1083
1986,1083
696,1084
750,1084
788,1084
807,1084
855,1084
920,1084
959,1084
1058,1084
1110,1084
1168,1084
1232,1084
1281,1084
1333,1084
1339,1084
1378,1084
695,1085
752,1085
808,1085
855,1085
921,1085
959,1085
1168,1085
1232,1085
1281,1085
1378,1085
695,1086
751,1086
809,1086
855,1086
959,1086
1168,1086
1232,1086
1281,1086
1378,1086
695,1087
751,1087
810,1087
855,1087
960,1087
1167,1087
1233,1087
1281,1087
1327,1087
1378,1087
653,1088
695,1088
749,1088
811,1088
855,1088
960,1088
1167,1088
1233,1088
1281,1088
1326,1088
1379,1088
653,1089
694,1089
811,1089
855,1089
1166,1089
1234,1089
1281,1089
1325,1089
1379,1089
651,1090
694,1090
746,1090
812,1090
856,1090
1234,1090
1281,1090
1325,1090
1379,1090
651,1091
694,1091
745,1091
812,1091
856,1091
1234,1091
1281,1091
1324,1091
1382,1091
578,1092
649,1092
694,1092
814,1092
856,1092
1281,1092
1324,1092
1384,1092
578,1093
648,1093
694,1093
743,1093
814,1093
857,1093
1281,1093
1323,1093
1384,1093
578,1094
647,1094
694,1094
739,1094
857,1094
1281,1094
1322,1094
1385,1094
579,1095
647,1095
694,1095
739,1095
857,1095
1282,1095
1321,1095
1422,1095
580,1096
647,1096
738,1096
859,1096
1282,1096
1321,1096
1422,1096
1475,1096
580,1097
646,1097
738,1097
859,1097
1282,1097
1319,1097
1390,1097
1423,1097
1476,1097
580,1098
645,1098
738,1098
859,1098
1283,1098
1318,1098
1391,1098
1423,1098
1477,1098
580,1099
646,1099
737,1099
1283,1099
1391,1099
1424,1099
1478,1099
580,1100
645,1100
737,1100
1391,1100
1425,1100
1479,1100
581,1101
645,1101
736,1101
1391,1101
1425,1101
1480,1101
581,1102
645,1102
736,1102
1392,1102
1426,1102
1448,1102
1480,1102
581,1103
644,1103
690,1103
736,1103
1392,1103
1430,1103
1448,1103
1481,1103
514,1104
581,1104
689,1104
736,1104
1393,1104
1426,1104
1438,1104
1449,1104
1482,1104
377,1105
517,1105
581,1105
638,1105
689,1105
734,1105
1393,1105
1428,1105
1448,1105
1482,1105
376,1106
517,1106
582,1106
639,1106
689,1106
734,1106
1393,1106
1450,1106
1482,1106
376,1107
518,1107
581,1107
638,1107
689,1107
733,1107
1394,1107
1450,1107
1483,1107
376,1108
519,1108
581,1108
631,1108
689,1108
732,1108
1395,1108
1451,1108
1483,1108
376,1109
521,1109
632,1109
689,1109
731,1109
1395,1109
1452,1109
1483,1109
225,1110
375,1110
521,1110
632,1110
688,1110
731,1110
1396,1110
1452,1110
1483,1110
224,1111
375,1111
521,1111
632,1111
688,1111
1396,1111
1453,1111
1483,1111
222,1112
375,1112
522,1112
586,1112
631,1112
688,1112
1397,1112
1453,1112
1484,1112
221,1113
374,1113
408,1113
523,1113
631,1113
688,1113
1398,1113
1453,1113
1484,1113
1488,1113
220,1114
374,1114
409,1114
523,1114
631,1114
688,1114
1398,1114
1489,1114
220,1115
301,1115
374,1115
410,1115
524,1115
630,1115
687,1115
1490,1115
219,1116
304,1116
374,1116
411,1116
524,1116
531,1116
587,1116
630,1116
687,1116
218,1117
305,1117
374,1117
412,1117
523,1117
532,1117
588,1117
629,1117
687,1117
1492,1117
218,1118
305,1118
374,1118
412,1118
540,1118
588,1118
629,1118
687,1118
1496,1118
218,1119
306,1119
374,1119
413,1119
539,1119
588,1119
628,1119
686,1119
1497,1119
217,1120
277,1120
306,1120
373,1120
414,1120
541,1120
588,1120
627,1120
1497,1120
216,1121
278,1121
307,1121
374,1121
414,1121
541,1121
588,1121
627,1121
1498,1121
216,1122
278,1122
308,1122
415,1122
541,1122
588,1122
625,1122
1497,1122
253,1123
278,1123
308,1123
418,1123
434,1123
542,1123
588,1123
624,1123
1498,1123
212,1124
253,1124
277,1124
309,1124
415,1124
426,1124
434,1124
542,1124
589,1124
1499,1124
252,1125
275,1125
311,1125
434,1125
543,1125
589,1125
1499,1125
204,1126
256,1126
276,1126
310,1126
319,1126
372,1126
435,1126
544,1126
590,1126
1499,1126
204,1127
251,1127
276,1127
319,1127
326,1127
436,1127
544,1127
590,1127
1500,1127
204,1128
251,1128
275,1128
325,1128
436,1128
546,1128
590,1128
1500,1128
203,1129
250,1129
275,1129
326,1129
370,1129
437,1129
547,1129
591,1129
1501,1129
203,1130
250,1130
327,1130
368,1130
438,1130
592,1130
1502,1130
202,1131
251,1131
328,1131
368,1131
438,1131
592,1131
1503,1131
202,1132
251,1132
328,1132
368,1132
439,1132
592,1132
1504,1132
201,1133
329,1133
368,1133
440,1133
1504,1133
200,1134
330,1134
368,1134
440,1134
199,1135
330,1135
368,1135
442,1135
199,1136
331,1136
368,1136
1605,1136
198,1137
332,1137
368,1137
1583,1137
1606,1137
368,1138
1582,1138
1607,1138
367,1139
1581,1139
1608,1139
367,1140
1582,1140
1607,1140
366,1141
1593,1141
1628,1141
366,1142
1580,1142
1592,1142
1607,1142
1630,1142
367,1143
1580,1143
1606,1143
1631,1143
366,1144
1581,1144
1607,1144
1632,1144
366,1145
1581,1145
1605,1145
1634,1145
366,1146
1582,1146
1634,1146
1583,1147
1635,1147
1635,1148
1636,1149
1637,1150
1637,1151
1637,1152
1638,1153
1638,1154
1638,1155
1644,1155
1644,1156
1710,1156
1646,1157
1709,1157
1652,1158
1708,1158
1654,1159
1708,1159
1653,1160
1707,1160
1654,1161
1706,1161
1654,1162
1706,1162
1654,1163
1705,1163
1655,1164
1704,1164
1656,1165
1704,1165
1656,1166
1704,1166
1657,1167
1703,1167
1657,1168
1703,1168
1659,1169
1703,1169
1661,1170
1701,1170
1697,1171
1696,1172
1692,1175
1691,1176
1691,1177
1690,1178
1688,1179
1687,1180
1685,1181
1042,1212
1042,1213
1042,1214
866,1215
1040,1215
866,1216
1040,1216
814,1217
866,1217
1040,1217
1149,1217
815,1218
866,1218
1039,1218
1148,1218
814,1219
866,1219
1039,1219
1149,1219
814,1220
867,1220
940,1220
1038,1220
1148,1220
815,1221
867,1221
940,1221
1038,1221
1147,1221
815,1222
868,1222
939,1222
1038,1222
1147,1222
815,1223
868,1223
938,1223
1038,1223
1147,1223
816,1224
868,1224
937,1224
1038,1224
1147,1224
815,1225
869,1225
936,1225
966,1225
1037,1225
1146,1225
816,1226
869,1226
937,1226
967,1226
1037,1226
1146,1226
817,1227
869,1227
935,1227
968,1227
1037,1227
1145,1227
816,1228
869,1228
935,1228
969,1228
1037,1228
1146,1228
1184,1228
816,1229
869,1229
935,1229
969,1229
1037,1229
1145,1229
1185,1229
817,1230
869,1230
934,1230
970,1230
1145,1230
1186,1230
816,1231
870,1231
928,1231
934,1231
971,1231
988,1231
1145,1231
1186,1231
817,1232
926,1232
933,1232
971,1232
980,1232
988,1232
1145,1232
1187,1232
817,1233
919,1233
926,1233
971,1233
988,1233
1033,1233
1144,1233
1188,1233
817,1234
920,1234
971,1234
990,1234
1144,1234
1187,1234
918,1235
990,1235
1145,1235
1188,1235
918,1236
992,1236
1189,1236
918,1237
992,1237
1031,1237
1189,1237
917,1238
992,1238
1030,1238
1189,1238
1298,1238
755,1239
776,1239
876,1239
917,1239
992,1239
1030,1239
1190,1239
1297,1239
754,1240
777,1240
876,1240
916,1240
1030,1240
1190,1240
1298,1240
753,1241
778,1241
876,1241
915,1241
1029,1241
1190,1241
1298,1241
753,1242
778,1242
822,1242
876,1242
914,1242
1029,1242
1190,1242
1298,1242
698,1243
753,1243
776,1243
822,1243
876,1243
914,1243
1029,1243
1191,1243
1298,1243
698,1244
752,1244
779,1244
821,1244
876,1244
913,1244
1029,1244
1137,1244
1235,1244
1298,1244
699,1245
753,1245
779,1245
821,1245
877,1245
1029,1245
1137,1245
1232,1245
1298,1245
700,1246
753,1246
777,1246
822,1246
876,1246
1029,1246
1137,1246
1233,1246
1299,1246
700,1247
754,1247
778,1247
822,1247
877,1247
1028,1247
1136,1247
1234,1247
1298,1247
701,1248
723,1248
755,1248
777,1248
822,1248
878,1248
1028,1248
1137,1248
1234,1248
1299,1248
1354,1248
644,1249
702,1249
713,1249
721,1249
822,1249
878,1249
1028,1249
1137,1249
1197,1249
1236,1249
1299,1249
1354,1249
646,1250
702,1250
714,1250
723,1250
822,1250
879,1250
1027,1250
1136,1250
1198,1250
1236,1250
1299,1250
1353,1250
646,1251
702,1251
721,1251
823,1251
878,1251
1027,1251
1136,1251
1198,1251
1237,1251
1299,1251
1353,1251
647,1252
702,1252
724,1252
823,1252
879,1252
1026,1252
1136,1252
1198,1252
1240,1252
1256,1252
1299,1252
1353,1252
648,1253
725,1253
823,1253
880,1253
1026,1253
1136,1253
1199,1253
1237,1253
1254,1253
1299,1253
1353,1253
648,1254
726,1254
823,1254
880,1254
1026,1254
1135,1254
1199,1254
1238,1254
1257,1254
1299,1254
1353,1254
649,1255
726,1255
824,1255
1025,1255
1135,1255
1199,1255
1258,1255
1299,1255
1353,1255
650,1256
726,1256
824,1256
1135,1256
1199,1256
1259,1256
1299,1256
1353,1256
653,1257
669,1257
725,1257
824,1257
1134,1257
1200,1257
1259,1257
1354,1257
650,1258
661,1258
668,1258
825,1258
1134,1258
1200,1258
1260,1258
1353,1258
650,1259
668,1259
1133,1259
1200,1259
1260,1259
1353,1259
669,1260
1133,1260
1201,1260
1261,1260
1353,1260
620,1261
671,1261
1133,1261
1202,1261
1260,1261
1300,1261
1353,1261
596,1262
619,1262
671,1262
1132,1262
1203,1262
1353,1262
595,1263
621,1263
671,1263
1203,1263
1353,1263
445,1264
594,1264
621,1264
673,1264
1353,1264
445,1265
594,1265
619,1265
673,1265
1353,1265
445,1266
607,1266
673,1266
1301,1266
1353,1266
445,1267
517,1267
594,1267
620,1267
674,1267
1301,1267
1353,1267
445,1268
516,1268
593,1268
619,1268
672,1268
1301,1268
445,1269
514,1269
593,1269
619,1269
1302,1269
283,1270
334,1270
445,1270
514,1270
594,1270
618,1270
1302,1270
283,1271
335,1271
445,1271
512,1271
594,1271
1301,1271
1353,1271
284,1272
334,1272
445,1272
512,1272
1301,1272
284,1273
335,1273
445,1273
511,1273
1302,1273
283,1274
335,1274
445,1274
510,1274
1302,1274
284,1275
335,1275
445,1275
510,1275
1301,1275
284,1276
335,1276
445,1276
510,1276
1301,1276
1352,1276
283,1277
335,1277
445,1277
508,1277
1301,1277
1353,1277
284,1278
335,1278
446,1278
507,1278
1302,1278
1353,1278
284,1279
336,1279
446,1279
501,1279
509,1279
1302,1279
1352,1279
284,1280
336,1280
446,1280
491,1280
499,1280
1302,1280
1352,1280
284,1281
336,1281
492,1281
1302,1281
1352,1281
284,1282
336,1282
377,1282
382,1282
491,1282
1302,1282
1352,1282
284,1283
336,1283
380,1283
490,1283
1303,1283
1352,1283
225,1284
284,1284
336,1284
379,1284
447,1284
490,1284
1352,1284
226,1285
284,1285
336,1285
380,1285
489,1285
1352,1285
227,1286
285,1286
337,1286
378,1286
403,1286
488,1286
1353,1286
227,1287
285,1287
338,1287
381,1287
403,1287
488,1287
1352,1287
228,1288
285,1288
338,1288
392,1288
448,1288
487,1288
1352,1288
228,1289
382,1289
404,1289
448,1289
486,1289
1351,1289
228,1290
382,1290
406,1290
447,1290
485,1290
1350,1290
228,1291
382,1291
406,1291
447,1291
483,1291
229,1292
406,1292
447,1292
232,1293
286,1293
408,1293
447,1293
233,1294
406,1294
448,1294
239,1295
342,1295
406,1295
448,1295
239,1296
342,1296
447,1296
239,1297
288,1297
341,1297
448,1297
239,1298
287,1298
342,1298
449,1298
240,1299
287,1299
342,1299
448,1299
240,1300
287,1300
342,1300
449,1300
241,1301
287,1301
342,1301
449,1301
242,1302
287,1302
343,1302
449,1302
243,1303
287,1303
342,1303
449,1303
244,1304
287,1304
343,1304
245,1305
288,1305
343,1305
245,1306
287,1306
343,1306
248,1307
287,1307
343,1307
288,1308
344,1308
288,1309
344,1309
288,1310
345,1310
289,1311
346,1311
288,1312
346,1312
289,1313
289,1314
289,1315
828,1382
908,1382
997,1382
828,1383
907,1383
997,1383
829,1384
907,1384
997,1384
741,1385
830,1385
905,1385
998,1385
741,1386
831,1386
905,1386
998,1386
741,1387
831,1387
904,1387
998,1387
740,1388
832,1388
903,1388
931,1388
998,1388
672,1389
740,1389
832,1389
903,1389
934,1389
999,1389
672,1390
740,1390
833,1390
902,1390
935,1390
998,1390
673,1391
740,1391
834,1391
902,1391
936,1391
999,1391
673,1392
739,1392
834,1392
902,1392
937,1392
999,1392
674,1393
739,1393
834,1393
902,1393
938,1393
999,1393
674,1394
738,1394
835,1394
901,1394
939,1394
999,1394
675,1395
738,1395
834,1395
901,1395
939,1395
999,1395
623,1396
675,1396
738,1396
835,1396
900,1396
939,1396
999,1396
624,1397
675,1397
737,1397
799,1397
836,1397
899,1397
940,1397
999,1397
623,1398
676,1398
738,1398
800,1398
840,1398
940,1398
999,1398
624,1399
675,1399
737,1399
800,1399
841,1399
895,1399
942,1399
1000,1399
624,1400
676,1400
737,1400
779,1400
800,1400
842,1400
894,1400
941,1400
948,1400
624,1401
676,1401
738,1401
777,1401
798,1401
949,1401
624,1402
676,1402
736,1402
780,1402
799,1402
892,1402
955,1402
580,1403
625,1403
677,1403
776,1403
798,1403
847,1403
890,1403
956,1403
579,1404
624,1404
677,1404
775,1404
797,1404
847,1404
888,1404
957,1404
579,1405
625,1405
677,1405
734,1405
775,1405
797,1405
847,1405
889,1405
957,1405
579,1406
625,1406
677,1406
734,1406
776,1406
847,1406
888,1406
958,1406
578,1407
625,1407
775,1407
848,1407
888,1407
958,1407
578,1408
625,1408
849,1408
888,1408
959,1408
519,1409
578,1409
625,1409
681,1409
732,1409
848,1409
888,1409
959,1409
519,1410
578,1410
625,1410
681,1410
731,1410
849,1410
887,1410
961,1410
519,1411
577,1411
625,1411
731,1411
850,1411
886,1411
961,1411
519,1412
577,1412
626,1412
731,1412
850,1412
886,1412
962,1412
519,1413
577,1413
625,1413
730,1413
851,1413
885,1413
519,1414
577,1414
730,1414
852,1414
884,1414
519,1415
577,1415
685,1415
730,1415
852,1415
884,1415
519,1416
576,1416
684,1416
730,1416
853,1416
882,1416
519,1417
577,1417
684,1417
730,1417
854,1417
519,1418
577,1418
685,1418
729,1418
519,1419
577,1419
684,1419
730,1419
461,1420
520,1420
576,1420
685,1420
729,1420
461,1421
520,1421
577,1421
630,1421
685,1421
728,1421
462,1422
520,1422
575,1422
629,1422
685,1422
728,1422
461,1423
520,1423
629,1423
685,1423
728,1423
462,1424
520,1424
629,1424
686,1424
727,1424
462,1425
519,1425
630,1425
686,1425
727,1425
462,1426
520,1426
575,1426
629,1426
687,1426
463,1427
520,1427
630,1427
688,1427
463,1428
520,1428
630,1428
687,1428
463,1429
521,1429
630,1429
688,1429
360,1430
464,1430
573,1430
630,1430
689,1430
360,1431
464,1431
572,1431
630,1431
689,1431
360,1432
464,1432
572,1432
630,1432
303,1433
360,1433
464,1433
522,1433
572,1433
630,1433
304,1434
360,1434
464,1434
572,1434
631,1434
303,1435
360,1435
465,1435
571,1435
631,1435
303,1436
360,1436
465,1436
572,1436
631,1436
304,1437
360,1437
465,1437
571,1437
632,1437
304,1438
360,1438
523,1438
571,1438
632,1438
304,1439
360,1439
523,1439
571,1439
304,1440
361,1440
522,1440
571,1440
304,1441
360,1441
522,1441
571,1441
305,1442
361,1442
522,1442
570,1442
305,1443
361,1443
522,1443
570,1443
305,1444
361,1444
470,1444
522,1444
570,1444
305,1445
361,1445
471,1445
522,1445
570,1445
305,1446
361,1446
471,1446
522,1446
570,1446
306,1447
361,1447
471,1447
523,1447
570,1447
306,1448
471,1448
522,1448
306,1449
471,1449
523,1449
306,1450
472,1450
523,1450
306,1451
362,1451
472,1451
523,1451
306,1452
472,1452
523,1452
472,1453
523,1453
473,1454
523,1454
473,1455
524,1455
362,1456
473,1456
524,1456
362,1457
474,1457
525,1457
362,1458
474,1458
362,1459
475,1459
310,1460
362,1460
475,1460
310,1461
362,1461
476,1461
310,1462
362,1462
310,1463
362,1463
310,1464
362,1464
310,1465
362,1465
310,1466
362,1466
310,1467
363,1467
310,1468
363,1468
311,1469
363,1469
311,1470
364,1470
311,1471
363,1471
312,1472
363,1472
312,1473
312,1474
313,1475
313,1476
313,1477
432,1578
432,1579
432,1580
433,1581
433,1582
433,1583
382,1584
433,1584
381,1585
433,1585
382,1586
433,1586
382,1587
433,1587
381,1588
431,1588
382,1589
430,1589
382,1590
382,1591
382,1592
382,1593
382,1594
382,1595
382,1596
382,1597
382,1598
382,1599
382,1600
382,1601
382,1602
382,1603
340,1611
340,1612
341,1613
341,1614
342,1615
341,1616
340,1617
338,1618
337,1619
