2160*1622
1595,76
1593,77
1592,78
1591,79
1591,80
1589,81
1589,82
1588,83
1588,84
1658,84
1587,85
1659,85
1586,86
1658,86
1586,87
1658,87
1658,88
1657,89
1636,90
1655,90
1635,91
1655,91
1635,92
1652,92
1637,93
1654,93
1636,94
1633,95
1643,95
1634,96
1632,97
1631,98
1631,99
1630,100
1681,109
1679,110
1679,111
1679,112
1679,113
1704,113
1680,114
1704,114
1680,115
1704,115
1681,116
1704,116
1681,117
1702,117
1683,118
1705,118
1683,119
1691,119
1706,119
1707,120
1707,121
1707,122
1748,122
1709,123
1747,123
1747,124
1747,125
1747,126
1746,127
1745,128
1746,129
1745,130
1745,131
1745,132
1744,133
1744,134
1744,135
1744,136
1744,137
1743,138
1740,141
1740,142
1738,145
1737,146
1737,147
1737,148
1736,149
1778,149
1736,150
1778,150
1363,151
1736,151
1779,151
1362,152
1736,152
1780,152
1363,153
1736,153
1780,153
1363,154
1735,154
1781,154
1364,155
1735,155
1782,155
1363,156
1734,156
1782,156
1364,157
1734,157
1782,157
1363,158
1734,158
1783,158
1364,159
1733,159
1783,159
1364,160
1733,160
1783,160
1364,161
1732,161
1783,161
1364,162
1731,162
1783,162
1364,163
1784,163
1364,164
1783,164
1364,165
1365,166
1364,167
1786,169
1784,171
1790,171
1791,172
1791,173
1364,174
1791,174
1365,175
1792,175
1365,176
1792,176
1365,177
1792,177
1366,178
1792,178
1366,179
1792,179
1366,180
1793,180
1366,181
1794,181
1366,182
1794,182
1366,183
1423,183
1428,183
1794,183
1366,184
1429,184
1795,184
1366,185
1428,185
1795,185
1366,186
1428,186
1795,186
1366,187
1427,187
1796,187
1366,188
1427,188
1366,189
1426,189
1366,190
1404,190
1425,190
1366,191
1404,191
1423,191
1367,192
1404,192
1414,192
1424,192
1366,193
1405,193
1423,193
1403,194
1402,195
1401,196
1401,197
1400,198
1399,199
1874,199
1396,200
1874,200
1874,201
1875,202
1875,203
1876,204
1876,205
1876,206
1876,207
1877,208
1453,209
1474,209
1876,209
1452,210
1474,210
1877,210
1451,211
1475,211
1877,211
1451,212
1475,212
1877,212
1451,213
1475,213
1877,213
1453,214
1475,214
1877,214
1451,215
1476,215
1877,215
1452,216
1475,216
1877,216
1454,217
1461,217
1474,217
1877,217
1473,218
1498,218
1877,218
1499,219
1500,220
1501,221
1502,222
1502,223
1879,223
1503,224
1879,224
1504,225
1504,226
1881,226
1504,227
1882,227
1504,228
1881,228
1505,229
1882,229
1505,230
1882,230
1506,231
1883,231
1506,232
1883,232
1507,233
1882,233
1882,234
1510,235
1883,235
1883,236
1883,237
1512,238
1883,238
1510,239
1517,239
1883,239
1518,240
1566,240
1884,240
1518,241
1565,241
1884,241
1518,242
1565,242
1884,242
1519,243
1564,243
1884,243
1519,244
1564,244
1884,244
1519,245
1564,245
1885,245
1520,246
1563,246
1520,247
1563,247
1520,248
1563,248
1521,249
1563,249
1522,250
1563,250
1523,251
1563,251
1523,252
1562,252
1524,253
1562,253
1525,254
1562,254
1526,255
1562,255
1561,256
1559,260
1026,261
1089,261
1131,261
1024,262
1090,262
1131,262
1022,263
1090,263
1130,263
1558,263
1022,264
1067,264
1090,264
1131,264
1558,264
1022,265
1067,265
1090,265
1131,265
1558,265
1619,265
1021,266
1066,266
1089,266
1130,266
1557,266
1618,266
1021,267
1078,267
1130,267
1557,267
1618,267
1021,268
1068,268
1088,268
1130,268
1557,268
1617,268
1021,269
1065,269
1088,269
1130,269
1557,269
1616,269
1020,270
1065,270
1087,270
1130,270
1557,270
1616,270
1019,271
1065,271
1130,271
1557,271
1615,271
1020,272
1065,272
1130,272
1557,272
1615,272
1066,273
1130,273
1556,273
1614,273
1130,274
1556,274
1614,274
1130,275
1556,275
1614,275
1130,276
1555,276
1614,276
1129,277
1555,277
1613,277
1130,278
1555,278
1613,278
1129,279
1554,279
1613,279
1554,280
1612,280
1608,283
1129,284
1608,285
1604,287
1127,288
1603,288
1128,289
1603,289
1128,290
1603,290
1128,291
1603,291
1127,292
1603,292
1127,293
1602,293
1127,294
1169,294
1602,294
1128,295
1166,295
1602,295
1641,295
1127,296
1167,296
1601,296
1643,296
1127,297
1166,297
1190,297
1600,297
1644,297
1127,298
1166,298
1189,298
1241,298
1600,298
1646,298
1127,299
1168,299
1191,299
1240,299
1599,299
1646,299
1127,300
1169,300
1189,300
1240,300
1598,300
1647,300
1127,301
1169,301
1188,301
1239,301
1598,301
1647,301
1127,302
1170,302
1192,302
1238,302
1597,302
1647,302
1127,303
1170,303
1192,303
1238,303
1596,303
1648,303
1126,304
1192,304
1237,304
1648,304
1126,305
1193,305
1237,305
1648,305
1126,306
1193,306
1236,306
1649,306
1236,307
1650,307
1236,308
1235,309
1654,309
1235,310
1655,310
1235,311
1661,311
1234,312
1662,312
1234,313
1661,313
1234,314
1662,314
1234,315
1662,315
1663,316
1663,317
1715,317
1664,318
1715,318
1279,319
1664,319
1713,319
1278,320
1665,320
1713,320
1229,321
1279,321
1666,321
1712,321
1229,322
1279,322
1667,322
1712,322
1225,323
1279,323
1667,323
1711,323
1225,324
1279,324
1668,324
1710,324
1225,325
1280,325
1710,325
1225,326
1279,326
1710,326
1224,327
1280,327
1710,327
1224,328
1279,328
1709,328
1224,329
1279,329
1709,329
1224,330
1280,330
1709,330
1223,331
1279,331
1708,331
1223,332
1280,332
1707,332
1223,333
1279,333
1221,334
1279,334
1221,335
1702,335
1222,336
1221,337
1279,337
1700,337
1220,338
1695,338
1219,339
1696,339
1219,340
1696,340
1695,341
1746,341
1279,342
1696,342
1746,342
1279,343
1695,343
1746,343
1280,344
1314,344
1695,344
1746,344
1280,345
1316,345
1694,345
1747,345
1280,346
1316,346
1694,346
1747,346
1280,347
1318,347
1694,347
1747,347
1280,348
1319,348
1692,348
1747,348
1280,349
1319,349
1692,349
1747,349
1280,350
1320,350
1691,350
1748,350
1280,351
1320,351
1690,351
1747,351
1280,352
1321,352
1689,352
1748,352
1280,353
1322,353
1689,353
1748,353
739,354
1280,354
1322,354
1748,354
737,355
1280,355
1322,355
1748,355
736,356
1280,356
1322,356
1747,356
735,357
1281,357
1324,357
1748,357
735,358
1280,358
1747,358
735,359
1280,359
735,360
734,361
1330,361
1336,361
735,362
1335,362
735,363
1335,363
734,364
1336,364
1747,364
734,365
1336,365
734,366
1337,366
734,367
1337,367
1393,367
1749,367
1338,368
1392,368
1750,368
694,369
1339,369
1390,369
1750,369
693,370
1339,370
1390,370
1749,370
692,371
1340,371
1389,371
1750,371
692,372
732,372
1340,372
1388,372
1750,372
693,373
733,373
1341,373
1387,373
1749,373
694,374
733,374
828,374
1343,374
1387,374
1750,374
694,375
829,375
1343,375
1387,375
1749,375
697,376
730,376
774,376
829,376
1386,376
1750,376
1809,376
697,377
729,377
773,377
830,377
1386,377
1750,377
1807,377
729,378
774,378
795,378
830,378
1385,378
1750,378
1806,378
730,379
772,379
795,379
831,379
1384,379
1426,379
1750,379
1805,379
730,380
772,380
796,380
832,380
1379,380
1426,380
1750,380
1804,380
729,381
773,381
796,381
831,381
1426,381
1750,381
1803,381
729,382
772,382
794,382
832,382
1371,382
1377,382
1426,382
1750,382
1803,382
729,383
774,383
786,383
798,383
832,383
1373,383
1426,383
1750,383
1803,383
729,384
775,384
786,384
798,384
832,384
1371,384
1426,384
1750,384
1803,384
729,385
774,385
796,385
832,385
900,385
1370,385
1426,385
1802,385
728,386
796,386
833,386
900,386
1370,386
1426,386
1802,386
728,387
833,387
899,387
1370,387
1426,387
1801,387
728,388
833,388
899,388
1369,388
1427,388
1796,388
728,389
834,389
898,389
1368,389
1426,389
728,390
897,390
1367,390
1427,390
1793,390
727,391
836,391
897,391
1367,391
1427,391
1788,391
1793,391
727,392
837,392
896,392
1365,392
1427,392
1787,392
728,393
896,393
1365,393
1427,393
1787,393
727,394
838,394
895,394
1363,394
1427,394
1787,394
726,395
895,395
1362,395
1427,395
1786,395
840,396
895,396
1427,396
1786,396
841,397
894,397
1426,397
1785,397
842,398
894,398
1426,398
1785,398
841,399
895,399
1784,399
841,400
894,400
1783,400
842,401
893,401
1782,401
842,402
892,402
1781,402
842,403
1426,403
1780,403
843,404
1853,404
843,405
1853,405
843,406
890,406
1426,406
1851,406
844,407
890,407
1850,407
845,408
890,408
1428,408
1850,408
845,409
885,409
1427,409
1849,409
846,410
884,410
1428,410
1849,410
846,411
884,411
1428,411
1848,411
847,412
884,412
954,412
1428,412
1848,412
884,413
954,413
1427,413
1492,413
1848,413
883,414
954,414
1428,414
1490,414
1847,414
883,415
954,415
1428,415
1488,415
1846,415
883,416
953,416
1428,416
1488,416
1842,416
1848,416
882,417
931,417
953,417
1428,417
1487,417
882,418
931,418
950,418
1427,418
1486,418
1839,418
881,419
930,419
948,419
1428,419
1486,419
1834,419
1838,419
881,420
933,420
950,420
1428,420
1485,420
1833,420
880,421
930,421
949,421
1427,421
1485,421
1833,421
880,422
928,422
1428,422
1484,422
1833,422
879,423
928,423
1427,423
1483,423
1832,423
879,424
928,424
1427,424
1483,424
1832,424
878,425
927,425
1428,425
1482,425
1831,425
877,426
927,426
1428,426
1475,426
1831,426
1875,426
1427,427
1475,427
1830,427
1876,427
1467,428
1474,428
1830,428
1877,428
1468,429
1828,429
1877,429
1467,430
1827,430
1878,430
1466,431
1521,431
1826,431
1879,431
1465,432
1522,432
1824,432
1879,432
1466,433
1522,433
1879,433
1465,434
1522,434
1880,434
1464,435
1522,435
1880,435
1463,436
1523,436
1881,436
1463,437
1522,437
1881,437
1061,438
1462,438
1523,438
1881,438
1060,439
1460,439
1523,439
1881,439
1059,440
1459,440
1522,440
1882,440
1057,441
1457,441
1523,441
1881,441
1057,442
1523,442
1882,442
1056,443
1522,443
1883,443
1055,444
1523,444
1055,445
1523,445
1054,446
1522,446
1053,447
1523,447
1053,448
1884,448
1051,449
1887,449
1045,450
1053,450
1888,450
1035,451
1043,451
1889,451
1034,452
1043,452
1890,452
1034,453
1890,453
1034,454
1890,454
1033,455
1523,455
1890,455
1033,456
1523,456
1890,456
1032,457
1524,457
1891,457
1031,458
1524,458
1891,458
1031,459
1523,459
1891,459
1031,460
1108,460
1524,460
1892,460
1029,461
1108,461
1523,461
1892,461
1027,462
1108,462
1523,462
1893,462
1026,463
1108,463
1524,463
1893,463
1108,464
1154,464
1523,464
1893,464
1107,465
1155,465
1524,465
1894,465
1083,466
1106,466
1153,466
1523,466
1894,466
1084,467
1104,467
1153,467
1524,467
1894,467
1083,468
1102,468
1153,468
1524,468
1917,468
1083,469
1104,469
1152,469
1523,469
1583,469
1916,469
1081,470
1094,470
1105,470
1152,470
1523,470
1585,470
1916,470
1082,471
1151,471
1524,471
1584,471
1916,471
1081,472
1151,472
1523,472
1584,472
1917,472
1080,473
1150,473
1584,473
1917,473
1080,474
1150,474
1560,474
1583,474
1918,474
1940,474
1080,475
1150,475
1559,475
1582,475
1921,475
1940,475
1149,476
1558,476
1579,476
1920,476
1929,476
1940,476
1150,477
1561,477
1581,477
1921,477
1937,477
1149,478
1557,478
1581,478
1927,478
1941,478
1149,479
1558,479
1581,479
1941,479
1149,480
1556,480
1942,480
1148,481
1555,481
1943,481
1149,482
1555,482
1943,482
1555,483
1944,483
1944,484
1144,486
1144,487
1145,488
1144,489
380,490
1142,490
379,491
1141,491
340,492
379,492
1140,492
339,493
379,493
1140,493
339,494
379,494
427,494
1140,494
337,495
379,495
429,495
1140,495
337,496
379,496
429,496
1140,496
336,497
379,497
429,497
1139,497
335,498
379,498
429,498
1139,498
1986,498
335,499
380,499
430,499
1139,499
1182,499
1984,499
334,500
380,500
429,500
1139,500
1181,500
1984,500
334,501
380,501
430,501
1138,501
1181,501
1983,501
333,502
380,502
430,502
1138,502
1181,502
1983,502
333,503
380,503
430,503
1138,503
1181,503
1204,503
1984,503
277,504
332,504
380,504
430,504
1137,504
1182,504
1205,504
1984,504
275,505
332,505
380,505
431,505
1137,505
1183,505
1205,505
1965,505
1982,505
274,506
333,506
380,506
431,506
1136,506
1195,506
1964,506
1973,506
1984,506
331,507
381,507
431,507
1136,507
1184,507
1206,507
1966,507
1983,507
431,508
503,508
1135,508
1184,508
1207,508
1257,508
1964,508
431,509
501,509
1208,509
1257,509
1963,509
432,510
500,510
1208,510
1256,510
1962,510
274,511
328,511
499,511
1208,511
1256,511
1961,511
276,512
321,512
383,512
499,512
556,512
1207,512
1214,512
1254,512
1960,512
321,513
383,513
434,513
498,513
556,513
1254,513
1960,513
272,514
320,514
435,514
497,514
555,514
1254,514
1959,514
271,515
320,515
381,515
436,515
497,515
554,515
1252,515
272,516
319,516
381,516
435,516
495,516
554,516
1252,516
238,517
271,517
319,517
381,517
436,517
489,517
497,517
553,517
1251,517
236,518
271,518
319,518
381,518
436,518
479,518
495,518
552,518
1252,518
233,519
271,519
318,519
381,519
437,519
482,519
552,519
1251,519
270,520
318,520
381,520
437,520
479,520
490,520
551,520
1251,520
271,521
318,521
381,521
437,521
479,521
550,521
1251,521
270,522
317,522
381,522
437,522
478,522
549,522
1250,522
270,523
316,523
381,523
437,523
477,523
532,523
542,523
550,523
1249,523
271,524
316,524
382,524
437,524
477,524
532,524
540,524
549,524
270,525
315,525
381,525
438,525
476,525
535,525
1245,525
270,526
314,526
382,526
438,526
475,526
531,526
270,527
313,527
382,527
438,527
474,527
531,527
1244,527
269,528
313,528
382,528
438,528
473,528
530,528
1243,528
269,529
382,529
438,529
530,529
1242,529
270,530
382,530
439,530
529,530
1238,530
269,531
382,531
439,531
528,531
661,531
1238,531
269,532
383,532
440,532
528,532
660,532
1237,532
440,533
526,533
660,533
1237,533
1997,533
525,534
659,534
1237,534
1997,534
525,535
658,535
1236,535
1997,535
658,536
1236,536
1997,536
656,537
1235,537
1997,537
638,538
656,538
1235,538
1999,538
638,539
648,539
655,539
1235,539
1999,539
640,540
656,540
1234,540
2000,540
637,541
1234,541
637,542
1232,542
636,543
1232,543
635,544
712,544
1231,544
1697,544
634,545
688,545
713,545
1230,545
1697,545
634,546
688,546
713,546
1699,546
633,547
688,547
713,547
1700,547
687,548
713,548
1700,548
700,549
1701,549
687,550
712,550
1701,550
686,551
701,551
712,551
1353,551
1702,551
686,552
711,552
1353,552
1702,552
687,553
710,553
764,553
1352,553
1703,553
684,554
689,554
766,554
1352,554
1703,554
766,555
1351,555
1703,555
740,556
767,556
1350,556
1708,556
739,557
767,557
1350,557
1710,557
740,558
766,558
1349,558
1715,558
739,559
765,559
1349,559
1716,559
739,560
752,560
764,560
1348,560
1717,560
739,561
753,561
765,561
1348,561
1717,561
738,562
753,562
763,562
1348,562
1718,562
737,563
763,563
1347,563
1718,563
738,564
1347,564
1719,564
736,565
1347,565
1719,565
737,566
817,566
848,566
1346,566
1720,566
818,567
849,567
1347,567
1721,567
818,568
850,568
1722,568
1741,568
817,569
849,569
1342,569
1722,569
1742,569
794,570
816,570
850,570
1724,570
1744,570
795,571
815,571
851,571
1745,571
794,572
813,572
850,572
1746,572
804,573
851,573
1340,573
1747,573
793,574
805,574
814,574
851,574
1338,574
1747,574
793,575
814,575
852,575
1336,575
1748,575
792,576
852,576
1336,576
1748,576
791,577
852,577
1336,577
1749,577
791,578
852,578
1336,578
1749,578
791,579
852,579
1336,579
1749,579
791,580
852,580
1336,580
1749,580
853,581
902,581
1335,581
1750,581
853,582
903,582
1335,582
1750,582
854,583
903,583
1334,583
903,584
1334,584
1404,584
1754,584
904,585
1333,585
1402,585
856,586
904,586
1332,586
1402,586
856,587
904,587
1332,587
1401,587
1759,587
904,588
1331,588
1400,588
1761,588
904,589
1331,589
1399,589
1762,589
859,590
905,590
1330,590
1399,590
1762,590
859,591
904,591
1329,591
1398,591
1762,591
860,592
905,592
1398,592
1762,592
859,593
905,593
1396,593
1763,593
859,594
905,594
953,594
1397,594
1763,594
859,595
905,595
953,595
1382,595
1389,595
1764,595
860,596
905,596
954,596
1384,596
1765,596
860,597
906,597
954,597
1381,597
1765,597
860,598
906,598
954,598
1381,598
1766,598
861,599
954,599
1381,599
1766,599
860,600
954,600
1380,600
1767,600
861,601
954,601
1379,601
1768,601
862,602
955,602
1378,602
862,603
908,603
955,603
1377,603
862,604
955,604
1376,604
863,605
956,605
1418,605
863,606
910,606
955,606
1421,606
863,607
910,607
955,607
1423,607
910,608
956,608
1424,608
910,609
956,609
1424,609
909,610
956,610
1425,610
910,611
956,611
1426,611
910,612
956,612
1427,612
910,613
957,613
1428,613
910,614
956,614
1428,614
911,615
1008,615
1428,615
910,616
1008,616
1429,616
911,617
1009,617
1430,617
911,618
959,618
1009,618
1429,618
1437,618
911,619
959,619
1009,619
1437,619
1447,619
912,620
1008,620
1445,620
912,621
1009,621
1447,621
912,622
961,622
1009,622
1447,622
961,623
1009,623
1448,623
1850,623
961,624
1009,624
1448,624
1850,624
961,625
1008,625
1449,625
1850,625
961,626
1009,626
1449,626
1850,626
961,627
1009,627
1451,627
1850,627
961,628
1009,628
1451,628
1849,628
961,629
1009,629
1452,629
1849,629
962,630
1009,630
1453,630
1849,630
962,631
1009,631
1455,631
1848,631
962,632
1455,632
1500,632
1848,632
962,633
1498,633
1848,633
962,634
1497,634
1848,634
962,635
1497,635
1848,635
963,636
1495,636
1848,636
963,637
1494,637
1848,637
963,638
1494,638
1847,638
963,639
1494,639
1847,639
964,640
1009,640
1493,640
965,641
1009,641
1046,641
1493,641
1009,642
1048,642
1491,642
1010,643
1048,643
1486,643
1492,643
1009,644
1050,644
1478,644
1484,644
1010,645
1050,645
1477,645
1484,645
1009,646
1051,646
1478,646
1009,647
1051,647
1477,647
1010,648
1052,648
1476,648
1842,648
1009,649
1053,649
1476,649
1522,649
1842,649
1010,650
1052,650
1475,650
1522,650
1842,650
1010,651
1053,651
1111,651
1474,651
1523,651
1842,651
1010,652
1055,652
1111,652
1474,652
1524,652
1841,652
1010,653
1111,653
1474,653
1524,653
1841,653
1010,654
1060,654
1111,654
1472,654
1525,654
1842,654
1010,655
1065,655
1111,655
1470,655
1526,655
1841,655
1010,656
1066,656
1111,656
1526,656
1841,656
289,657
1066,657
1111,657
1526,657
1841,657
1872,657
288,658
1067,658
1111,658
1526,658
1840,658
1874,658
147,659
289,659
354,659
1067,659
1111,659
1526,659
1839,659
1874,659
146,660
289,660
353,660
1067,660
1111,660
1527,660
1839,660
1876,660
145,661
289,661
353,661
1068,661
1111,661
1527,661
1839,661
1878,661
145,662
290,662
353,662
1069,662
1110,662
1527,662
1838,662
1879,662
144,663
290,663
352,663
1069,663
1111,663
1528,663
1838,663
1879,663
144,664
290,664
352,664
1070,664
1110,664
1527,664
1838,664
1879,664
142,665
291,665
352,665
1071,665
1110,665
1527,665
1880,665
142,666
291,666
352,666
1072,666
1110,666
1528,666
1880,666
141,667
291,667
352,667
1073,667
1110,667
1881,667
32,668
141,668
292,668
351,668
1110,668
1881,668
32,669
141,669
254,669
291,669
351,669
388,669
1881,669
31,670
140,670
254,670
292,670
351,670
390,670
1882,670
31,671
141,671
254,671
292,671
351,671
390,671
1531,671
1883,671
31,672
96,672
141,672
253,672
292,672
351,672
391,672
1882,672
1887,672
30,673
95,673
140,673
176,673
253,673
292,673
351,673
392,673
1109,673
1147,673
1888,673
30,674
93,674
140,674
176,674
198,674
252,674
292,674
351,674
392,674
1109,674
1147,674
1535,674
1889,674
31,675
91,675
140,675
177,675
199,675
251,675
351,675
393,675
1149,675
1536,675
30,676
91,676
138,676
176,676
200,676
233,676
250,676
351,676
394,676
1149,676
1536,676
1583,676
1895,676
31,677
90,677
176,677
200,677
233,677
243,677
250,677
350,677
394,677
1150,677
1536,677
1583,677
1896,677
31,678
89,678
136,678
189,678
239,678
296,678
394,678
512,678
1109,678
1150,678
1537,678
1583,678
1896,678
31,679
90,679
176,679
200,679
232,679
297,679
395,679
513,679
1109,679
1151,679
1537,679
1582,679
1897,679
31,680
89,680
136,680
177,680
201,680
232,680
395,680
512,680
1109,680
1151,680
1537,680
1582,680
1897,680
31,681
89,681
139,681
177,681
200,681
231,681
349,681
395,681
441,681
512,681
1109,681
1152,681
1537,681
1582,681
1898,681
31,682
82,682
88,682
199,682
230,682
351,682
396,682
442,682
512,682
1108,682
1153,682
1537,682
1582,682
1898,682
30,683
82,683
89,683
130,683
229,683
298,683
395,683
400,683
443,683
511,683
1108,683
1153,683
1538,683
1581,683
1898,683
30,684
72,684
82,684
130,684
229,684
299,684
402,684
443,684
511,684
1108,684
1153,684
1538,684
1582,684
1899,684
74,685
129,685
228,685
299,685
402,685
444,685
511,685
554,685
1108,685
1153,685
1538,685
1582,685
1900,685
73,686
129,686
299,686
347,686
404,686
445,686
511,686
554,686
1109,686
1153,686
1539,686
1581,686
1901,686
71,687
129,687
299,687
347,687
409,687
445,687
510,687
554,687
1108,687
1153,687
1540,687
1581,687
1901,687
71,688
129,688
299,688
346,688
409,688
446,688
511,688
555,688
1108,688
1154,688
1540,688
1581,688
1902,688
71,689
129,689
299,689
346,689
409,689
447,689
510,689
555,689
1108,689
1154,689
1541,689
1581,689
1903,689
70,690
128,690
299,690
346,690
410,690
447,690
454,690
463,690
510,690
555,690
1108,690
1154,690
1541,690
1581,690
1904,690
69,691
128,691
300,691
346,691
410,691
447,691
457,691
464,691
510,691
556,691
1108,691
1156,691
1541,691
1580,691
69,692
127,692
300,692
346,692
410,692
463,692
510,692
557,692
1108,692
1581,692
68,693
127,693
300,693
346,693
411,693
465,693
510,693
557,693
1108,693
1159,693
1579,693
66,694
127,694
301,694
346,694
411,694
465,694
511,694
557,694
1108,694
1949,694
126,695
301,695
346,695
411,695
466,695
557,695
1107,695
1159,695
1946,695
126,696
301,696
345,696
412,696
466,696
557,696
1946,696
125,697
302,697
345,697
413,697
467,697
558,697
1161,697
1945,697
125,698
302,698
345,698
414,698
469,698
509,698
557,698
1163,698
1577,698
1945,698
125,699
303,699
345,699
415,699
469,699
558,699
603,699
1164,699
1943,699
123,700
304,700
345,700
416,700
471,700
558,700
604,700
1164,700
1577,700
1943,700
123,701
345,701
417,701
558,701
605,701
1164,701
1576,701
1943,701
345,702
507,702
559,702
605,702
1164,702
1577,702
1941,702
344,703
507,703
559,703
606,703
1165,703
1577,703
1941,703
507,704
606,704
1165,704
1577,704
1925,704
1933,704
1941,704
507,705
607,705
1165,705
1576,705
1926,705
507,706
607,706
1166,706
1576,706
1925,706
507,707
563,707
608,707
1166,707
1576,707
1923,707
507,708
608,708
1166,708
1576,708
1608,708
1923,708
507,709
608,709
1167,709
1575,709
1610,709
1922,709
506,710
566,710
609,710
1167,710
1575,710
1611,710
1922,710
506,711
566,711
608,711
1168,711
1575,711
1612,711
1921,711
506,712
565,712
609,712
1169,712
1575,712
1613,712
1920,712
506,713
566,713
610,713
1169,713
1574,713
1613,713
1919,713
506,714
566,714
1170,714
1574,714
1614,714
1918,714
506,715
566,715
1170,715
1575,715
1615,715
506,716
566,716
1573,716
1615,716
505,717
566,717
681,717
1573,717
1616,717
505,718
567,718
681,718
1247,718
1616,718
567,719
619,719
680,719
1247,719
1616,719
568,720
620,720
679,720
1247,720
1617,720
568,721
620,721
678,721
1249,721
1617,721
568,722
620,722
678,722
1249,722
1619,722
569,723
620,723
677,723
1250,723
1623,723
569,724
620,724
676,724
1250,724
1624,724
569,725
620,725
676,725
1250,725
1623,725
570,726
621,726
673,726
1251,726
1630,726
571,727
622,727
658,727
668,727
676,727
1251,727
1631,727
622,728
658,728
666,728
1251,728
1632,728
623,729
659,729
1252,729
1633,729
624,730
657,730
1252,730
1633,730
1988,730
624,731
657,731
1252,731
1633,731
1989,731
625,732
656,732
1252,732
1633,732
1988,732
626,733
656,733
1252,733
1634,733
1968,733
1987,733
655,734
1253,734
1635,734
1967,734
1987,734
655,735
1254,735
1635,735
1966,735
1985,735
654,736
1636,736
1968,736
1986,736
652,737
1637,737
1965,737
1986,737
651,738
1256,738
1638,738
1964,738
1986,738
1257,739
1639,739
1964,739
1640,740
1963,740
1258,741
1962,741
1261,742
1964,742
788,743
1261,743
785,744
1261,744
784,745
1261,745
784,746
1262,746
1658,746
782,747
1262,747
1657,747
782,748
1262,748
1656,748
781,749
1262,749
1656,749
1681,749
780,750
1263,750
1656,750
1680,750
780,751
1263,751
1288,751
1656,751
1681,751
779,752
1263,752
1290,752
1670,752
778,753
1264,753
1291,753
1657,753
1669,753
1681,753
763,754
771,754
779,754
1265,754
1292,754
1659,754
1683,754
764,755
1265,755
1293,755
1660,755
1683,755
762,756
1265,756
1293,756
1683,756
761,757
1267,757
1293,757
1683,757
2034,757
761,758
1295,758
1682,758
2033,758
760,759
1295,759
2031,759
759,760
1297,760
2031,760
759,761
1295,761
1304,761
1313,761
2030,761
758,762
1297,762
1305,762
1314,762
2028,762
756,763
1313,763
2028,763
756,764
1314,764
2028,764
1315,765
2027,765
1315,766
2025,766
1317,767
2019,767
2026,767
1317,768
2013,768
2018,768
1318,769
2013,769
1319,770
2012,770
1320,771
1366,771
2011,771
1321,772
1365,772
1701,772
2010,772
859,773
1364,773
1702,773
2010,773
861,774
1363,774
1703,774
2010,774
862,775
1363,775
1704,775
2009,775
862,776
1361,776
1705,776
2008,776
863,777
1361,777
1706,777
2006,777
864,778
1361,778
1705,778
2004,778
864,779
1360,779
1707,779
865,780
1360,780
1709,780
866,781
1359,781
1707,781
1714,781
1724,781
866,782
1359,782
1722,782
867,783
1358,783
1724,783
866,784
1357,784
1725,784
873,785
1725,785
874,786
880,786
1726,786
880,787
941,787
1351,787
1403,787
1727,787
881,788
939,788
1346,788
1403,788
1727,788
881,789
938,789
1346,789
1402,789
1728,789
882,790
936,790
1345,790
1402,790
1729,790
1762,790
2079,790
882,791
936,791
1346,791
1402,791
1762,791
2077,791
883,792
936,792
1346,792
1402,792
1762,792
2076,792
883,793
934,793
1345,793
1402,793
1762,793
2076,793
884,794
934,794
1345,794
1402,794
1762,794
2075,794
884,795
933,795
1344,795
1402,795
1762,795
2074,795
886,796
933,796
1344,796
1402,796
1762,796
2074,796
888,797
932,797
1342,797
1402,797
1762,797
2074,797
932,798
1342,798
1402,798
1762,798
2071,798
932,799
1340,799
1401,799
1762,799
2053,799
2061,799
2072,799
931,800
1339,800
1402,800
1761,800
2053,800
2062,800
2072,800
926,801
932,801
1402,801
1761,801
2055,801
2074,801
1402,802
1761,802
2052,802
924,803
1401,803
1761,803
2052,803
918,804
923,804
1401,804
1761,804
2050,804
917,805
1401,805
1761,805
2050,805
916,806
1402,806
1761,806
2049,806
916,807
2049,807
916,808
2048,808
916,809
2049,809
915,810
914,811
914,812
913,813
913,814
911,815
1758,815
910,816
1398,816
1759,816
909,817
1399,817
1758,817
908,818
1398,818
1758,818
1398,819
1758,819
1398,820
1463,820
1758,820
1399,821
1462,821
1758,821
1812,821
1398,822
1460,822
1758,822
1811,822
1398,823
1460,823
1758,823
1811,823
1398,824
1459,824
1758,824
1811,824
1398,825
1458,825
1757,825
1810,825
1398,826
1457,826
1757,826
1810,826
116,827
1397,827
1457,827
1757,827
1810,827
116,828
1397,828
1456,828
1757,828
1809,828
115,829
197,829
1397,829
1456,829
1757,829
1809,829
113,830
199,830
1397,830
1455,830
1756,830
1808,830
113,831
199,831
1397,831
1454,831
1756,831
1808,831
112,832
199,832
320,832
1397,832
1454,832
1808,832
111,833
201,833
320,833
1397,833
1455,833
1808,833
111,834
201,834
319,834
1397,834
1453,834
1808,834
111,835
202,835
319,835
1037,835
1396,835
1449,835
1455,835
1807,835
110,836
202,836
319,836
1038,836
1807,836
110,837
171,837
203,837
247,837
319,837
1012,837
1038,837
1446,837
1807,837
109,838
173,838
203,838
248,838
319,838
1013,838
1038,838
109,839
173,839
203,839
249,839
318,839
1013,839
1037,839
1440,839
109,840
172,840
203,840
250,840
318,840
1012,840
1034,840
1082,840
1440,840
1803,840
108,841
170,841
204,841
250,841
318,841
1014,841
1036,841
1083,841
1439,841
109,842
146,842
171,842
205,842
251,842
318,842
1012,842
1036,842
1082,842
1439,842
1802,842
147,843
169,843
205,843
252,843
318,843
1010,843
1036,843
1081,843
1439,843
104,844
146,844
167,844
252,844
318,844
420,844
1010,844
1035,844
1081,844
1438,844
156,845
210,845
253,845
318,845
419,845
1010,845
1081,845
1438,845
1800,845
106,846
145,846
169,846
211,846
254,846
319,846
420,846
1011,846
1080,846
1437,846
1800,846
101,847
145,847
169,847
212,847
255,847
318,847
420,847
1013,847
1080,847
1437,847
1800,847
98,848
143,848
254,848
265,848
272,848
318,848
421,848
1079,848
1437,848
1800,848
97,849
143,849
215,849
253,849
270,849
420,849
1079,849
1436,849
1800,849
96,850
143,850
216,850
272,850
421,850
1079,850
1434,850
1800,850
97,851
142,851
215,851
274,851
420,851
1079,851
1434,851
1799,851
2101,851
96,852
142,852
216,852
274,852
317,852
421,852
1078,852
1433,852
1799,852
96,853
145,853
216,853
274,853
421,853
1078,853
1431,853
1799,853
95,854
216,854
276,854
421,854
1078,854
1430,854
1798,854
2102,854
95,855
217,855
276,855
421,855
1077,855
1798,855
95,856
218,856
277,856
316,856
422,856
1078,856
1507,856
1797,856
94,857
219,857
278,857
316,857
421,857
1077,857
1507,857
1797,857
93,858
219,858
279,858
315,858
422,858
1506,858
1797,858
93,859
220,859
281,859
316,859
422,859
1505,859
1796,859
92,860
221,860
283,860
316,860
422,860
491,860
1505,860
1795,860
91,861
222,861
315,861
489,861
1504,861
1795,861
90,862
223,862
315,862
488,862
1482,862
1503,862
90,863
316,863
488,863
1113,863
1484,863
1502,863
315,864
486,864
1113,864
1484,864
1493,864
1503,864
315,865
424,865
485,865
1071,865
1114,865
1484,865
1503,865
315,866
425,866
485,866
1071,866
1114,866
1483,866
315,867
485,867
1070,867
1115,867
1482,867
315,868
484,868
1070,868
1116,868
1481,868
315,869
425,869
484,869
1069,869
1116,869
1480,869
315,870
425,870
484,870
1070,870
1117,870
1480,870
1545,870
315,871
425,871
483,871
1069,871
1117,871
1479,871
1544,871
315,872
426,872
483,872
1069,872
1117,872
1478,872
1544,872
315,873
426,873
477,873
589,873
1069,873
1117,873
1544,873
425,874
478,874
590,874
1068,874
1118,874
1544,874
426,875
469,875
475,875
589,875
1068,875
1118,875
1543,875
426,876
470,876
588,876
1068,876
1118,876
1543,876
425,877
469,877
588,877
1067,877
1119,877
1543,877
426,878
469,878
588,878
1067,878
1119,878
1543,878
426,879
468,879
587,879
1066,879
1119,879
1543,879
426,880
468,880
587,880
1066,880
1121,880
1542,880
427,881
468,881
586,881
1065,881
1542,881
427,882
467,882
586,882
1065,882
1542,882
427,883
466,883
586,883
1123,883
1542,883
428,884
465,884
586,884
1542,884
427,885
465,885
586,885
643,885
1541,885
428,886
464,886
585,886
643,886
1127,886
1174,886
1542,886
462,887
585,887
641,887
1127,887
1173,887
1541,887
585,888
642,888
1127,888
1174,888
585,889
641,889
1128,889
1174,889
585,890
640,890
1128,890
1173,890
584,891
640,891
1128,891
1173,891
639,892
1128,892
1173,892
1539,892
639,893
1128,893
1173,893
582,894
639,894
1128,894
1174,894
584,895
638,895
1129,895
1173,895
1537,895
582,896
639,896
1130,896
1173,896
1537,896
638,897
1129,897
1173,897
1537,897
638,898
1130,898
1173,898
1537,898
1587,898
579,899
638,899
1131,899
1173,899
1537,899
1587,899
578,900
638,900
1131,900
1173,900
1537,900
1587,900
579,901
638,901
1132,901
1173,901
1537,901
1587,901
578,902
638,902
1133,902
1536,902
1587,902
578,903
637,903
1536,903
1587,903
578,904
635,904
1536,904
1587,904
578,905
635,905
701,905
1536,905
1586,905
578,906
699,906
1535,906
1587,906
578,907
634,907
697,907
1535,907
1587,907
577,908
635,908
697,908
1535,908
1586,908
577,909
696,909
1170,909
1535,909
1586,909
577,910
633,910
695,910
1171,910
1212,910
1534,910
1586,910
577,911
694,911
1171,911
1213,911
1534,911
1586,911
575,912
631,912
694,912
1170,912
1213,912
1534,912
1586,912
1936,912
576,913
630,913
693,913
1170,913
1213,913
1533,913
1586,913
1936,913
575,914
630,914
693,914
1171,914
1214,914
1586,914
1936,914
575,915
630,915
693,915
1170,915
1214,915
1585,915
1936,915
575,916
630,916
692,916
734,916
1170,916
1214,916
1585,916
1937,916
574,917
630,917
692,917
734,917
1170,917
1215,917
1937,917
629,918
692,918
734,918
1170,918
1216,918
1936,918
629,919
689,919
734,919
1170,919
1216,919
1936,919
629,920
734,920
1169,920
1216,920
1584,920
1937,920
628,921
687,921
735,921
1170,921
1216,921
1936,921
628,922
686,922
735,922
1170,922
1216,922
1936,922
628,923
735,923
1169,923
1216,923
1584,923
1936,923
628,924
680,924
735,924
1169,924
1217,924
1584,924
1936,924
627,925
679,925
735,925
1216,925
1584,925
1936,925
627,926
679,926
736,926
1218,926
1584,926
1935,926
627,927
679,927
735,927
1584,927
1936,927
626,928
679,928
736,928
1584,928
1935,928
625,929
678,929
736,929
1219,929
1584,929
1935,929
626,930
678,930
736,930
1584,930
1936,930
677,931
736,931
1584,931
677,932
736,932
1221,932
1584,932
675,933
1223,933
1584,933
675,934
1223,934
1584,934
674,935
801,935
1223,935
1583,935
1933,935
674,936
738,936
800,936
1224,936
1583,936
1645,936
672,937
800,937
1224,937
1583,937
1643,937
799,938
1224,938
1255,938
1583,938
1642,938
799,939
1224,939
1256,939
1582,939
1641,939
737,940
797,940
1224,940
1257,940
1582,940
1640,940
1933,940
739,941
797,941
1225,941
1257,941
1639,941
1933,941
739,942
796,942
1225,942
1259,942
1639,942
1934,942
738,943
796,943
1225,943
1259,943
1639,943
1933,943
739,944
796,944
1226,944
1260,944
1638,944
1933,944
739,945
795,945
1227,945
1260,945
1638,945
1934,945
739,946
795,946
1226,946
1260,946
1636,946
1933,946
739,947
794,947
1227,947
1261,947
1635,947
1933,947
739,948
794,948
1228,948
1261,948
1629,948
1933,948
739,949
794,949
838,949
1261,949
1622,949
1629,949
1933,949
740,950
793,950
838,950
1262,950
1623,950
1934,950
740,951
838,951
1263,951
1623,951
1933,951
1962,951
740,952
789,952
838,952
1266,952
1622,952
1933,952
1963,952
740,953
838,953
1621,953
1933,953
1963,953
741,954
838,954
1622,954
1932,954
1965,954
740,955
784,955
839,955
1270,955
1621,955
1932,955
1966,955
741,956
783,956
838,956
1273,956
1620,956
1933,956
1967,956
782,957
838,957
1274,957
1619,957
1931,957
1967,957
782,958
838,958
1273,958
1619,958
1931,958
1968,958
782,959
838,959
1274,959
1617,959
1932,959
1969,959
781,960
838,960
1274,960
1616,960
1969,960
781,961
838,961
1274,961
1300,961
1969,961
780,962
838,962
1275,962
1301,962
1970,962
780,963
839,963
1275,963
1302,963
1970,963
780,964
839,964
1276,964
1303,964
1970,964
779,965
838,965
1277,965
1304,965
1972,965
778,966
839,966
1278,966
1305,966
778,967
1279,967
1305,967
777,968
1280,968
1306,968
1977,968
776,969
1307,969
1980,969
840,970
1307,970
1983,970
1307,971
1688,971
1984,971
1307,972
1687,972
1983,972
839,973
1308,973
1688,973
1984,973
1308,974
1687,974
1984,974
839,975
1309,975
1686,975
1985,975
840,976
1310,976
1665,976
1685,976
1985,976
839,977
1665,977
1683,977
1985,977
839,978
1314,978
1666,978
1683,978
1986,978
839,979
1663,979
1684,979
1987,979
839,980
1663,980
1685,980
1988,980
839,981
1321,981
1662,981
1989,981
839,982
1321,982
1662,982
1990,982
839,983
1322,983
1661,983
840,984
901,984
936,984
1322,984
1661,984
839,985
879,985
900,985
937,985
1322,985
1661,985
840,986
879,986
901,986
936,986
1322,986
840,987
878,987
901,987
936,987
1323,987
840,988
890,988
936,988
1323,988
840,989
878,989
900,989
937,989
1324,989
840,990
877,990
900,990
937,990
1324,990
840,991
877,991
900,991
937,991
1325,991
878,992
899,992
937,992
1325,992
879,993
937,993
1327,993
1700,993
2033,993
937,994
1328,994
1345,994
1702,994
2032,994
937,995
1328,995
1346,995
1703,995
2031,995
938,996
1329,996
1347,996
1705,996
2031,996
937,997
1347,997
1706,997
2031,997
937,998
1349,998
1707,998
2030,998
937,999
1350,999
1708,999
2011,999
2028,999
937,1000
1350,1000
1708,1000
2010,1000
2019,1000
2028,1000
938,1001
1351,1001
1709,1001
2011,1001
2029,1001
938,1002
1351,1002
1709,1002
2009,1002
2029,1002
938,1003
1353,1003
1710,1003
2009,1003
286,1004
938,1004
1352,1004
1361,1004
1371,1004
1710,1004
2008,1004
286,1005
1351,1005
1370,1005
1711,1005
2007,1005
218,1006
286,1006
1370,1006
1712,1006
2007,1006
220,1007
286,1007
939,1007
1372,1007
1711,1007
1718,1007
2007,1007
220,1008
286,1008
939,1008
988,1008
1373,1008
1718,1008
221,1009
286,1009
988,1009
1373,1009
1720,1009
1727,1009
166,1010
222,1010
286,1010
988,1010
1374,1010
1726,1010
166,1011
223,1011
286,1011
988,1011
1374,1011
1727,1011
166,1012
223,1012
286,1012
988,1012
1375,1012
1728,1012
166,1013
187,1013
223,1013
286,1013
941,1013
988,1013
1376,1013
1728,1013
167,1014
187,1014
224,1014
286,1014
940,1014
988,1014
1376,1014
1729,1014
139,1015
169,1015
189,1015
225,1015
286,1015
941,1015
989,1015
1381,1015
1729,1015
139,1016
169,1016
187,1016
225,1016
285,1016
941,1016
988,1016
1730,1016
140,1017
168,1017
191,1017
225,1017
285,1017
323,1017
941,1017
989,1017
1730,1017
141,1018
168,1018
191,1018
225,1018
285,1018
324,1018
941,1018
988,1018
1731,1018
142,1019
191,1019
285,1019
325,1019
941,1019
988,1019
1732,1019
142,1020
191,1020
236,1020
286,1020
326,1020
941,1020
989,1020
1733,1020
142,1021
190,1021
238,1021
286,1021
327,1021
941,1021
988,1021
1734,1021
141,1022
190,1022
238,1022
328,1022
405,1022
941,1022
988,1022
1735,1022
239,1023
328,1023
404,1023
942,1023
988,1023
2043,1023
239,1024
329,1024
404,1024
941,1024
988,1024
1422,1024
2045,1024
240,1025
287,1025
329,1025
402,1025
942,1025
1424,1025
2047,1025
240,1026
330,1026
402,1026
942,1026
1422,1026
2049,1026
241,1027
330,1027
401,1027
942,1027
1422,1027
2049,1027
241,1028
330,1028
400,1028
942,1028
989,1028
1421,1028
1748,1028
2049,1028
242,1029
286,1029
331,1029
400,1029
439,1029
943,1029
1027,1029
1398,1029
1421,1029
1748,1029
2050,1029
243,1030
286,1030
331,1030
399,1030
440,1030
942,1030
1028,1030
1397,1030
1420,1030
1750,1030
2051,1030
243,1031
285,1031
330,1031
337,1031
399,1031
440,1031
942,1031
1029,1031
1396,1031
1408,1031
1419,1031
1751,1031
2052,1031
244,1032
286,1032
399,1032
440,1032
1029,1032
1398,1032
1420,1032
1752,1032
2053,1032
247,1033
286,1033
340,1033
399,1033
441,1033
989,1033
1030,1033
1395,1033
1419,1033
1753,1033
2052,1033
2060,1033
247,1034
285,1034
346,1034
398,1034
441,1034
989,1034
1030,1034
1395,1034
1417,1034
1753,1034
2061,1034
2069,1034
285,1035
346,1035
398,1035
441,1035
989,1035
1030,1035
1394,1035
1754,1035
2067,1035
286,1036
347,1036
397,1036
441,1036
989,1036
1031,1036
1394,1036
1754,1036
2070,1036
285,1037
346,1037
398,1037
441,1037
989,1037
1031,1037
1393,1037
1755,1037
2070,1037
286,1038
347,1038
394,1038
441,1038
989,1038
1032,1038
1394,1038
1447,1038
1754,1038
1762,1038
2070,1038
286,1039
347,1039
442,1039
989,1039
1033,1039
1448,1039
1762,1039
1770,1039
2071,1039
286,1040
348,1040
441,1040
989,1040
1033,1040
1448,1040
1769,1040
2072,1040
286,1041
348,1041
394,1041
442,1041
989,1041
1033,1041
1448,1041
1770,1041
2073,1041
286,1042
348,1042
391,1042
442,1042
989,1042
1033,1042
1449,1042
1771,1042
2074,1042
286,1043
350,1043
442,1043
989,1043
1033,1043
1450,1043
1771,1043
2074,1043
285,1044
350,1044
387,1044
442,1044
989,1044
1033,1044
1449,1044
1772,1044
2078,1044
287,1045
352,1045
386,1045
442,1045
989,1045
1034,1045
1450,1045
1773,1045
352,1046
386,1046
443,1046
989,1046
1034,1046
1450,1046
1773,1046
353,1047
386,1047
443,1047
990,1047
1035,1047
1450,1047
1774,1047
356,1048
386,1048
990,1048
1451,1048
1775,1048
385,1049
989,1049
1451,1049
1776,1049
385,1050
1451,1050
385,1051
1451,1051
384,1052
1452,1052
383,1053
540,1053
1451,1053
383,1054
540,1054
1042,1054
1451,1054
382,1055
447,1055
540,1055
1042,1055
381,1056
447,1056
485,1056
541,1056
1042,1056
381,1057
447,1057
484,1057
541,1057
1042,1057
1453,1057
380,1058
447,1058
484,1058
542,1058
1042,1058
1822,1058
380,1059
447,1059
484,1059
505,1059
542,1059
1043,1059
1453,1059
1821,1059
447,1060
484,1060
507,1060
543,1060
1043,1060
1820,1060
447,1061
486,1061
507,1061
543,1061
1043,1061
1819,1061
447,1062
497,1062
543,1062
1043,1062
1067,1062
1455,1062
1818,1062
448,1063
486,1063
509,1063
544,1063
1044,1063
1071,1063
1456,1063
1817,1063
448,1064
487,1064
510,1064
543,1064
1044,1064
1072,1064
1457,1064
1817,1064
448,1065
488,1065
510,1065
544,1065
1045,1065
1073,1065
1456,1065
1816,1065
448,1066
510,1066
544,1066
1046,1066
1074,1066
1457,1066
1495,1066
1815,1066
448,1067
509,1067
544,1067
1046,1067
1074,1067
1457,1067
1496,1067
1815,1067
448,1068
508,1068
545,1068
1046,1068
1075,1068
1457,1068
1496,1068
1814,1068
449,1069
545,1069
1047,1069
1075,1069
1457,1069
1496,1069
1807,1069
1815,1069
450,1070
545,1070
611,1070
1048,1070
1076,1070
1457,1070
1496,1070
1806,1070
1814,1070
450,1071
545,1071
611,1071
1077,1071
1458,1071
1497,1071
1799,1071
1805,1071
450,1072
610,1072
1077,1072
1085,1072
1095,1072
1458,1072
1497,1072
1798,1072
609,1073
1077,1073
1087,1073
1095,1073
1458,1073
1497,1073
1798,1073
550,1074
609,1074
1096,1074
1459,1074
1497,1074
1797,1074
608,1075
1096,1075
1458,1075
1497,1075
1796,1075
608,1076
1097,1076
1130,1076
1459,1076
1498,1076
1796,1076
607,1077
1098,1077
1130,1077
1459,1077
1498,1077
1796,1077
552,1078
607,1078
1098,1078
1131,1078
1459,1078
1498,1078
1795,1078
553,1079
606,1079
1098,1079
1131,1079
1498,1079
1795,1079
552,1080
606,1080
1100,1080
1131,1080
1498,1080
1793,1080
553,1081
606,1081
1100,1081
1132,1081
1498,1081
1792,1081
553,1082
605,1082
1101,1082
1132,1082
1497,1082
1790,1082
553,1083
605,1083
1101,1083
1132,1083
554,1084
605,1084
1132,1084
553,1085
604,1085
1132,1085
554,1086
602,1086
1132,1086
554,1087
1133,1087
1499,1087
554,1088
1133,1088
555,1089
1133,1089
555,1090
1133,1090
556,1091
1133,1091
1500,1091
556,1092
596,1092
1133,1092
1501,1092
1829,1092
558,1093
596,1093
1502,1093
1833,1093
558,1094
595,1094
1501,1094
1834,1094
558,1095
595,1095
1501,1095
1834,1095
595,1096
1502,1096
1836,1096
595,1097
1501,1097
1836,1097
594,1098
1502,1098
1837,1098
594,1099
1189,1099
1502,1099
1838,1099
594,1100
1136,1100
1189,1100
1502,1100
1839,1100
593,1101
1137,1101
1189,1101
1502,1101
1840,1101
1859,1101
592,1102
1136,1102
1188,1102
1502,1102
1561,1102
1839,1102
1849,1102
1859,1102
592,1103
1136,1103
1187,1103
1502,1103
1560,1103
1839,1103
1857,1103
592,1104
1137,1104
1187,1104
1503,1104
1558,1104
1859,1104
591,1105
1137,1105
1188,1105
1503,1105
1558,1105
1861,1105
591,1106
1137,1106
1187,1106
1503,1106
1556,1106
1861,1106
1137,1107
1187,1107
1556,1107
1862,1107
1137,1108
1186,1108
1556,1108
1863,1108
1137,1109
1186,1109
1555,1109
1863,1109
1137,1110
1186,1110
1554,1110
1864,1110
688,1111
1137,1111
1186,1111
1554,1111
1865,1111
689,1112
1138,1112
1185,1112
1554,1112
1864,1112
690,1113
753,1113
1138,1113
1185,1113
1553,1113
691,1114
753,1114
1139,1114
1185,1114
1551,1114
692,1115
753,1115
1139,1115
1185,1115
1545,1115
1553,1115
692,1116
753,1116
1139,1116
1185,1116
1544,1116
693,1117
753,1117
1537,1117
1542,1117
695,1118
753,1118
1537,1118
694,1119
703,1119
712,1119
753,1119
1536,1119
694,1120
704,1120
712,1120
753,1120
1536,1120
1873,1120
694,1121
712,1121
753,1121
1536,1121
713,1122
754,1122
1535,1122
713,1123
753,1123
1181,1123
1534,1123
714,1124
753,1124
1181,1124
1534,1124
715,1125
754,1125
1179,1125
1533,1125
715,1126
753,1126
1180,1126
1532,1126
716,1127
753,1127
1179,1127
1532,1127
717,1128
753,1128
1179,1128
1530,1128
753,1129
1179,1129
1528,1129
754,1130
1179,1130
753,1131
1179,1131
1243,1131
753,1132
1179,1132
1243,1132
1178,1133
1242,1133
1179,1134
1241,1134
1178,1135
1240,1135
1178,1136
1239,1136
754,1137
1177,1137
1239,1137
1177,1138
1238,1138
1176,1139
1238,1139
791,1140
1176,1140
1237,1140
792,1141
1176,1141
1237,1141
754,1142
793,1142
1175,1142
1236,1142
754,1143
794,1143
1236,1143
754,1144
794,1144
1231,1144
1236,1144
755,1145
796,1145
1230,1145
755,1146
796,1146
754,1147
796,1147
1223,1147
754,1148
797,1148
1224,1148
754,1149
798,1149
1223,1149
754,1150
798,1150
1223,1150
754,1151
798,1151
1222,1151
754,1152
798,1152
1222,1152
754,1153
798,1153
1221,1153
754,1154
1221,1154
754,1155
804,1155
847,1155
1220,1155
755,1156
804,1156
847,1156
1220,1156
1624,1156
754,1157
848,1157
1219,1157
1625,1157
754,1158
809,1158
848,1158
1218,1158
1625,1158
755,1159
810,1159
848,1159
1216,1159
1294,1159
1626,1159
755,1160
810,1160
848,1160
1216,1160
1293,1160
1627,1160
754,1161
810,1161
849,1161
1291,1161
1627,1161
810,1162
849,1162
1289,1162
1628,1162
811,1163
849,1163
1289,1163
1629,1163
811,1164
850,1164
1288,1164
1628,1164
812,1165
850,1165
1287,1165
1629,1165
812,1166
850,1166
1286,1166
1629,1166
813,1167
851,1167
1286,1167
1629,1167
814,1168
850,1168
1285,1168
1629,1168
815,1169
851,1169
1285,1169
1630,1169
816,1170
851,1170
1284,1170
1630,1170
817,1171
851,1171
1276,1171
1285,1171
1630,1171
1268,1172
1631,1172
1270,1173
1268,1174
1268,1175
1267,1176
1633,1176
191,1177
1266,1177
192,1178
1266,1178
193,1179
857,1179
1266,1179
1637,1179
194,1180
857,1180
1265,1180
1331,1180
1638,1180
194,1181
857,1181
1264,1181
1330,1181
1637,1181
195,1182
857,1182
1263,1182
1330,1182
1638,1182
195,1183
857,1183
1262,1183
1330,1183
1638,1183
195,1184
239,1184
858,1184
1259,1184
1329,1184
1639,1184
196,1185
240,1185
858,1185
1329,1185
1639,1185
196,1186
241,1186
858,1186
1328,1186
1639,1186
196,1187
242,1187
858,1187
1328,1187
1639,1187
196,1188
243,1188
859,1188
1328,1188
1640,1188
197,1189
243,1189
858,1189
1328,1189
1640,1189
195,1190
244,1190
859,1190
1327,1190
1641,1190
200,1191
244,1191
860,1191
1327,1191
1641,1191
201,1192
245,1192
860,1192
1327,1192
1642,1192
202,1193
245,1193
293,1193
860,1193
1326,1193
1642,1193
245,1194
294,1194
861,1194
1326,1194
1642,1194
206,1195
246,1195
295,1195
363,1195
861,1195
1325,1195
207,1196
246,1196
295,1196
362,1196
862,1196
207,1197
247,1197
296,1197
361,1197
207,1198
247,1198
297,1198
361,1198
208,1199
253,1199
257,1199
297,1199
361,1199
208,1200
255,1200
298,1200
361,1200
208,1201
254,1201
299,1201
361,1201
208,1202
259,1202
299,1202
361,1202
934,1202
1320,1202
209,1203
259,1203
299,1203
361,1203
936,1203
1319,1203
210,1204
260,1204
300,1204
360,1204
938,1204
1319,1204
211,1205
260,1205
301,1205
360,1205
939,1205
1319,1205
211,1206
260,1206
300,1206
360,1206
940,1206
1319,1206
212,1207
261,1207
306,1207
360,1207
940,1207
1319,1207
214,1208
261,1208
307,1208
360,1208
406,1208
941,1208
1318,1208
214,1209
262,1209
360,1209
406,1209
942,1209
1318,1209
262,1210
312,1210
360,1210
407,1210
942,1210
1318,1210
262,1211
312,1211
360,1211
407,1211
943,1211
1318,1211
264,1212
313,1212
361,1212
407,1212
944,1212
1317,1212
264,1213
314,1213
360,1213
407,1213
943,1213
1316,1213
266,1214
314,1214
360,1214
408,1214
944,1214
1316,1214
267,1215
314,1215
408,1215
945,1215
1316,1215
268,1216
315,1216
408,1216
944,1216
951,1216
1315,1216
315,1217
409,1217
952,1217
316,1218
361,1218
409,1218
954,1218
317,1219
408,1219
317,1220
408,1220
456,1220
960,1220
318,1221
409,1221
456,1221
961,1221
995,1221
320,1222
359,1222
409,1222
457,1222
961,1222
995,1222
320,1223
358,1223
409,1223
457,1223
961,1223
995,1223
358,1224
409,1224
456,1224
962,1224
996,1224
358,1225
410,1225
457,1225
963,1225
996,1225
358,1226
457,1226
963,1226
996,1226
358,1227
458,1227
964,1227
996,1227
358,1228
458,1228
964,1228
997,1228
358,1229
459,1229
965,1229
998,1229
358,1230
459,1230
965,1230
998,1230
357,1231
459,1231
966,1231
998,1231
358,1232
459,1232
969,1232
998,1232
357,1233
414,1233
459,1233
970,1233
998,1233
357,1234
414,1234
460,1234
998,1234
358,1235
415,1235
460,1235
998,1235
357,1236
415,1236
459,1236
998,1236
358,1237
414,1237
460,1237
358,1238
414,1238
461,1238
357,1239
415,1239
357,1240
415,1240
357,1241
415,1241
415,1242
465,1242
415,1243
464,1243
530,1243
1041,1243
416,1244
529,1244
1003,1244
1040,1244
416,1245
528,1245
1004,1245
1041,1245
416,1246
466,1246
526,1246
1005,1246
1042,1246
417,1247
467,1247
526,1247
1004,1247
1042,1247
417,1248
467,1248
525,1248
574,1248
1005,1248
1043,1248
1401,1248
417,1249
467,1249
524,1249
574,1249
1005,1249
1043,1249
1402,1249
418,1250
467,1250
524,1250
573,1250
1005,1250
1043,1250
1402,1250
467,1251
524,1251
572,1251
1005,1251
1044,1251
1403,1251
467,1252
523,1252
573,1252
1005,1252
1044,1252
1403,1252
1423,1252
467,1253
522,1253
572,1253
1005,1253
1044,1253
1404,1253
1424,1253
467,1254
522,1254
571,1254
1006,1254
1045,1254
1415,1254
468,1255
516,1255
571,1255
1007,1255
1045,1255
1405,1255
1425,1255
469,1256
516,1256
571,1256
1007,1256
1045,1256
1405,1256
1426,1256
469,1257
508,1257
513,1257
571,1257
1007,1257
1045,1257
1427,1257
469,1258
510,1258
570,1258
1008,1258
1045,1258
1427,1258
470,1259
508,1259
570,1259
1008,1259
1045,1259
1427,1259
470,1260
508,1260
570,1260
1046,1260
1428,1260
471,1261
507,1261
570,1261
1427,1261
471,1262
506,1262
570,1262
471,1263
506,1263
570,1263
1049,1263
472,1264
506,1264
570,1264
505,1265
570,1265
504,1266
570,1266
625,1266
504,1267
625,1267
502,1268
625,1268
1053,1268
1103,1268
501,1269
624,1269
1054,1269
1103,1269
568,1270
624,1270
1054,1270
1102,1270
624,1271
1054,1271
1102,1271
567,1272
622,1272
1054,1272
1102,1272
623,1273
1054,1273
1102,1273
623,1274
1054,1274
1102,1274
565,1275
622,1275
1055,1275
1101,1275
565,1276
622,1276
1055,1276
1101,1276
564,1277
622,1277
1055,1277
1101,1277
564,1278
622,1278
1056,1278
1100,1278
564,1279
621,1279
1056,1279
1101,1279
564,1280
621,1280
1057,1280
1100,1280
564,1281
621,1281
1057,1281
1100,1281
564,1282
621,1282
1058,1282
1100,1282
564,1283
621,1283
1058,1283
1100,1283
563,1284
1059,1284
1099,1284
563,1285
563,1286
563,1287
563,1288
618,1288
562,1289
1144,1289
562,1290
617,1290
1143,1290
562,1291
616,1291
1144,1291
561,1292
615,1292
1095,1292
1144,1292
615,1293
1095,1293
1144,1293
615,1294
1094,1294
1144,1294
615,1295
1095,1295
1144,1295
615,1296
1095,1296
1144,1296
614,1297
684,1297
1094,1297
1144,1297
614,1298
682,1298
1094,1298
1144,1298
614,1299
682,1299
1094,1299
1144,1299
614,1300
681,1300
1094,1300
1144,1300
614,1301
680,1301
1093,1301
1144,1301
613,1302
679,1302
1093,1302
1144,1302
613,1303
660,1303
678,1303
1093,1303
1144,1303
613,1304
659,1304
669,1304
678,1304
1092,1304
1144,1304
613,1305
661,1305
678,1305
1092,1305
1145,1305
612,1306
660,1306
677,1306
1092,1306
1145,1306
611,1307
659,1307
1091,1307
1144,1307
612,1308
657,1308
1144,1308
657,1309
657,1310
1144,1310
656,1311
657,1312
731,1317
1145,1317
1197,1317
732,1318
1145,1318
1197,1318
708,1319
734,1319
1145,1319
1197,1319
707,1320
734,1320
1145,1320
1196,1320
707,1321
733,1321
1145,1321
1196,1321
706,1322
731,1322
1145,1322
1196,1322
710,1323
733,1323
1145,1323
1196,1323
706,1324
731,1324
1145,1324
1196,1324
705,1325
732,1325
1145,1325
1195,1325
704,1326
730,1326
1145,1326
1195,1326
706,1327
729,1327
1145,1327
1195,1327
706,1328
1145,1328
1195,1328
707,1329
1145,1329
1195,1329
1145,1330
1194,1330
1145,1331
1194,1331
1145,1332
1195,1332
1145,1333
1194,1333
1145,1334
1194,1334
1145,1335
1146,1336
757,1338
783,1338
1191,1338
757,1339
782,1339
756,1340
784,1340
755,1341
784,1341
769,1342
756,1343
784,1343
820,1343
755,1344
783,1344
819,1344
756,1345
782,1345
820,1345
756,1346
782,1346
820,1346
756,1347
781,1347
819,1347
758,1348
819,1348
819,1349
819,1350
819,1351
819,1352
819,1353
819,1354
819,1355
819,1356
819,1357
818,1358
820,1359
868,1361
867,1362
867,1363
868,1364
867,1365
268,1366
867,1366
269,1367
867,1367
269,1368
818,1368
867,1368
269,1369
818,1369
867,1369
269,1370
818,1370
868,1370
269,1371
818,1371
868,1371
270,1372
818,1372
867,1372
270,1373
818,1373
867,1373
270,1374
818,1374
867,1374
271,1375
818,1375
867,1375
270,1376
818,1376
867,1376
271,1377
818,1377
867,1377
271,1378
818,1378
867,1378
271,1379
818,1379
867,1379
271,1380
818,1380
868,1380
272,1381
818,1381
272,1382
340,1382
818,1382
338,1383
818,1383
338,1384
868,1384
274,1385
336,1385
336,1386
378,1386
335,1387
378,1387
334,1388
377,1388
276,1389
334,1389
378,1389
867,1389
277,1390
333,1390
378,1390
868,1390
277,1391
334,1391
378,1391
867,1391
277,1392
333,1392
378,1392
868,1392
277,1393
333,1393
377,1393
868,1393
898,1393
277,1394
332,1394
378,1394
868,1394
901,1394
277,1395
329,1395
378,1395
868,1395
902,1395
277,1396
378,1396
867,1396
903,1396
277,1397
377,1397
868,1397
904,1397
278,1398
325,1398
377,1398
868,1398
904,1398
278,1399
322,1399
378,1399
867,1399
905,1399
279,1400
321,1400
378,1400
868,1400
905,1400
278,1401
321,1401
378,1401
867,1401
906,1401
279,1402
320,1402
378,1402
868,1402
907,1402
280,1403
320,1403
379,1403
868,1403
907,1403
280,1404
319,1404
378,1404
867,1404
908,1404
319,1405
378,1405
868,1405
909,1405
319,1406
868,1406
907,1406
915,1406
318,1407
868,1407
916,1407
317,1408
316,1409
379,1409
925,1409
316,1410
924,1410
314,1411
924,1411
925,1412
926,1413
380,1414
926,1414
379,1415
446,1415
927,1415
379,1416
446,1416
927,1416
379,1417
445,1417
928,1417
379,1418
444,1418
929,1418
379,1419
443,1419
470,1419
930,1419
379,1420
443,1420
471,1420
930,1420
379,1421
422,1421
442,1421
472,1421
933,1421
379,1422
420,1422
439,1422
472,1422
379,1423
421,1423
430,1423
441,1423
472,1423
379,1424
420,1424
441,1424
473,1424
379,1425
420,1425
441,1425
473,1425
379,1426
418,1426
474,1426
379,1427
418,1427
475,1427
379,1428
417,1428
476,1428
380,1429
417,1429
476,1429
380,1430
417,1430
476,1430
380,1431
418,1431
476,1431
380,1432
476,1432
380,1433
476,1433
477,1434
476,1435
523,1436
524,1437
483,1438
525,1438
525,1439
525,1440
486,1441
526,1441
486,1442
526,1442
487,1443
527,1443
487,1444
527,1444
487,1445
527,1445
488,1446
527,1446
488,1447
527,1447
488,1448
528,1448
489,1449
528,1449
489,1450
528,1450
490,1451
529,1451
490,1452
491,1453
491,1454
571,1454
493,1455
571,1455
494,1456
572,1456
573,1457
537,1458
573,1458
537,1459
574,1459
537,1460
575,1460
538,1461
576,1461
538,1462
576,1462
538,1463
576,1463
538,1464
577,1464
539,1465
577,1465
539,1466
577,1466
539,1467
577,1467
540,1468
577,1468
541,1469
578,1469
541,1470
583,1470
628,1470
542,1471
628,1471
543,1472
628,1472
585,1473
629,1473
629,1474
589,1475
629,1475
589,1476
629,1476
589,1477
630,1477
590,1478
631,1478
590,1479
630,1479
590,1480
631,1480
591,1481
631,1481
591,1482
631,1482
592,1483
631,1483
593,1484
631,1484
593,1485
631,1485
594,1486
632,1486
595,1487
595,1488
597,1489
634,1490
671,1493
636,1494
671,1494
636,1495
672,1495
637,1496
673,1496
637,1497
673,1497
637,1498
674,1498
637,1499
675,1499
637,1500
676,1500
637,1501
676,1501
637,1502
676,1502
638,1503
677,1503
639,1504
677,1504
639,1505
678,1505
639,1506
677,1506
640,1507
678,1507
640,1508
640,1509
328,1577
329,1578
331,1579
332,1580
332,1581
333,1582
334,1583
334,1584
335,1585
336,1586
336,1587
337,1588
336,1589
344,1589
381,1589
337,1590
383,1590
347,1591
353,1591
383,1591
352,1592
385,1592
354,1593
385,1593
354,1594
386,1594
355,1595
387,1595
356,1596
387,1596
356,1597
388,1597
356,1598
388,1598
358,1599
389,1599
358,1600
389,1600
359,1601
389,1601
360,1602
388,1602
361,1603
