2160*1622
1721,35
1719,36
1718,37
1717,38
1718,39
1718,40
1719,41
1723,43
1724,44
1724,45
1727,46
1722,47
1731,47
1732,48
1732,49
1732,50
1732,51
1733,52
1733,53
1734,54
1734,55
1735,56
1736,57
1736,58
1737,59
1737,60
1738,61
1739,62
1739,63
1746,76
1744,77
1745,78
1745,79
1745,80
1747,81
1747,82
1771,82
1749,83
1770,83
1751,84
1770,84
1749,85
1759,85
1770,85
1750,86
1758,86
1770,86
1758,87
1772,87
1772,88
1773,89
1551,90
1774,90
1549,91
1774,91
1547,92
1775,92
1775,93
1577,112
1781,112
1576,113
1781,113
1576,114
1782,114
1575,115
1784,115
1575,116
1784,116
1574,117
1785,117
1574,118
1785,118
1573,119
1786,119
1574,120
1787,120
1573,121
1787,121
1573,122
1787,122
1573,123
1788,123
1573,124
1791,124
1573,125
1572,126
1794,126
1799,126
1572,127
1794,127
1801,127
1570,128
1801,128
1801,129
1790,130
1802,130
1802,131
1568,132
1802,132
1568,133
1804,133
1564,134
1804,134
1565,135
1805,135
1565,136
1806,136
1565,137
1807,137
1565,138
1808,138
1565,139
1808,139
1565,140
1565,141
1564,142
1564,143
1563,144
1835,144
1563,145
1835,145
1562,146
1834,146
1561,147
1834,147
1562,148
1834,148
1561,149
1834,149
1560,150
1833,150
1833,151
1833,152
1619,153
1833,153
1618,154
1832,154
1617,155
1833,155
1617,156
1832,156
1615,157
1832,157
1615,158
1831,158
1614,159
1831,159
1613,160
1831,160
1613,161
1831,161
1613,162
1830,162
1613,163
1612,164
1362,165
1611,165
1362,166
1612,166
1363,167
1611,167
1827,167
1365,168
1609,168
1365,169
1606,169
1826,169
1366,170
1826,170
1367,171
1604,171
1826,171
1367,172
1603,172
1824,172
1368,173
1600,173
1824,173
1368,174
1598,174
1824,174
1369,175
1598,175
1824,175
1369,176
1598,176
1824,176
1370,177
1597,177
1824,177
1375,178
1597,178
1824,178
1376,179
1385,179
1596,179
1824,179
1383,180
1596,180
1823,180
1384,181
1595,181
1823,181
1385,182
1595,182
1822,182
1385,183
1594,183
1822,183
1386,184
1593,184
1822,184
1386,185
1592,185
1821,185
1386,186
1592,186
1821,186
1387,187
1590,187
1820,187
1388,188
1589,188
1821,188
1389,189
1819,189
1390,190
1819,190
1391,191
1393,192
1393,193
1653,201
1875,201
1651,202
1875,202
1651,203
1876,203
1650,204
1875,204
1649,205
1853,205
1875,205
1649,206
1852,206
1875,206
1649,207
1852,207
1872,207
1648,208
1851,208
1870,208
1186,209
1647,209
1851,209
1873,209
1185,210
1645,210
1850,210
1872,210
1185,211
1645,211
1850,211
1184,212
1631,212
1638,212
1849,212
1184,213
1401,213
1633,213
1848,213
1184,214
1401,214
1631,214
1848,214
1184,215
1400,215
1423,215
1631,215
1184,216
1400,216
1423,216
1630,216
1183,217
1400,217
1424,217
1629,217
1184,218
1401,218
1423,218
1629,218
1183,219
1401,219
1412,219
1425,219
1628,219
1183,220
1403,220
1425,220
1627,220
1183,221
1403,221
1425,221
1626,221
1183,222
1425,222
1625,222
1182,223
1424,223
1183,224
1899,230
1668,231
1898,231
1668,232
1898,232
1180,233
1668,233
1898,233
1179,234
1669,234
1898,234
1179,235
1670,235
1898,235
1180,236
1670,236
1898,236
1179,237
1670,237
1898,237
1179,238
1671,238
1898,238
1179,239
1671,239
1898,239
1179,240
1671,240
1899,240
1179,241
1671,241
1898,241
1178,242
1672,242
1898,242
1178,243
1671,243
1898,243
1178,244
1672,244
1898,244
1178,245
1671,245
1897,245
1178,246
1672,246
1896,246
1178,247
1463,247
1672,247
1177,248
1461,248
1672,248
1177,249
1208,249
1461,249
1673,249
1176,250
1209,250
1460,250
1895,250
1210,251
1459,251
1210,252
1459,252
1674,252
1894,252
1210,253
1459,253
1674,253
1894,253
1211,254
1457,254
1894,254
1212,255
1457,255
1676,255
1893,255
1212,256
1455,256
1678,256
1893,256
1213,257
1448,257
1456,257
1677,257
1893,257
1213,258
1440,258
1448,258
1678,258
1893,258
1213,259
1442,259
1678,259
1893,259
1213,260
1442,260
1678,260
1893,260
1213,261
1441,261
1678,261
1892,261
1214,262
1438,262
1679,262
1893,262
1214,263
1439,263
1678,263
1892,263
1215,264
1438,264
1678,264
1892,264
1437,265
1679,265
1892,265
1435,266
1679,266
1891,266
1435,267
1679,267
1891,267
1434,268
1680,268
1891,268
1218,269
1431,269
1680,269
1890,269
1219,270
1680,270
1890,270
1220,271
1680,271
1890,271
1223,272
1681,272
1890,272
1223,273
1681,273
1889,273
1223,274
1695,274
1223,275
1697,275
979,276
1223,276
1698,276
977,277
1223,277
1475,277
1698,277
976,278
1224,278
1475,278
1699,278
977,279
1224,279
1476,279
1700,279
1913,279
977,280
1224,280
1477,280
1700,280
1912,280
982,281
1225,281
1477,281
1701,281
1912,281
983,282
1226,282
1477,282
1702,282
1912,282
984,283
989,283
1226,283
1478,283
1702,283
1913,283
985,284
991,284
1227,284
1479,284
1702,284
1913,284
991,285
1227,285
1479,285
1702,285
1914,285
991,286
1227,286
1479,286
1703,286
1915,286
991,287
1228,287
1479,287
1703,287
1916,287
992,288
1479,288
1703,288
1916,288
992,289
1480,289
1704,289
1918,289
993,290
1480,290
1918,290
994,291
1480,291
994,292
1480,292
1708,292
994,293
1481,293
995,294
1481,294
1708,294
996,295
1707,295
997,296
1714,296
999,297
1715,297
1000,298
1241,298
1716,298
1239,299
1484,299
1715,299
1240,300
1716,300
1241,301
1487,301
1716,301
1241,302
1488,302
1717,302
1242,303
1488,303
1717,303
1033,304
1243,304
1266,304
1489,304
1717,304
1032,305
1244,305
1266,305
1489,305
1718,305
1032,306
1244,306
1254,306
1267,306
1489,306
1719,306
1030,307
1245,307
1263,307
1489,307
1718,307
1030,308
1245,308
1265,308
1489,308
1719,308
1029,309
1267,309
1489,309
1720,309
1029,310
1268,310
1490,310
1721,310
1028,311
1268,311
1491,311
1721,311
1028,312
1269,312
1490,312
1722,312
1027,313
1270,313
1491,313
1027,314
1270,314
1492,314
1027,315
1272,315
1491,315
1026,316
1492,316
1026,317
1493,317
1493,318
1021,319
1021,320
1021,321
1017,322
1015,323
1759,323
1015,324
1758,324
1015,325
1758,325
1014,326
1757,326
1014,327
1756,327
1014,328
1506,328
1756,328
1013,329
1507,329
1755,329
1012,330
1507,330
1755,330
1012,331
1507,331
1754,331
1011,332
1509,332
1753,332
1011,333
1510,333
1733,333
1752,333
1009,334
1511,334
1733,334
1742,334
1752,334
1009,335
1510,335
1736,335
1753,335
1008,336
1511,336
1734,336
1511,337
1517,337
1733,337
1512,338
1519,338
1528,338
1731,338
1525,339
1731,339
786,340
1527,340
1730,340
787,341
1072,341
1528,341
1729,341
788,342
1072,342
1529,342
1728,342
789,343
1071,343
1529,343
1727,343
789,344
1070,344
1530,344
1726,344
789,345
1069,345
1531,345
1728,345
790,346
1068,346
1531,346
790,347
1067,347
1533,347
791,348
1067,348
1534,348
792,349
1066,349
792,350
1066,350
794,351
1066,351
795,352
1065,352
796,353
1066,353
1065,354
1064,355
1059,357
1789,357
1790,358
1059,359
1788,359
1052,360
1058,360
1788,360
1053,361
1569,361
1787,361
1052,362
1567,362
1786,362
1052,363
1567,363
1786,363
806,364
1052,364
1566,364
1785,364
806,365
1051,365
1565,365
1785,365
808,366
1051,366
1564,366
1784,366
808,367
1050,367
1564,367
1784,367
809,368
1050,368
1563,368
1784,368
810,369
1050,369
1563,369
1783,369
810,370
1049,370
1562,370
1783,370
811,371
1048,371
1562,371
1783,371
812,372
1047,372
1562,372
1782,372
813,373
1046,373
1562,373
813,374
821,374
830,374
1045,374
1561,374
1777,374
812,375
822,375
829,375
1045,375
1561,375
1776,375
829,376
1559,376
1776,376
829,377
1555,377
832,378
1084,378
1555,378
832,379
1085,379
1554,379
1771,379
833,380
1085,380
1338,380
1771,380
834,381
1086,381
1339,381
1547,381
1552,381
1770,381
834,382
1087,382
1318,382
1340,382
1548,382
1770,382
835,383
1088,383
1317,383
1339,383
1547,383
1770,383
837,384
1088,384
1316,384
1339,384
1547,384
1770,384
841,385
1089,385
1316,385
1336,385
1547,385
1769,385
1089,386
1316,386
1339,386
1546,386
1769,386
1089,387
1315,387
1339,387
1546,387
1768,387
1090,388
1315,388
1326,388
1338,388
1546,388
1768,388
1090,389
1316,389
1545,389
1768,389
1090,390
1545,390
1766,390
1091,391
1544,391
1766,391
1090,392
1543,392
1764,392
1091,393
1542,393
1764,393
1541,394
1763,394
1540,395
1762,395
1096,396
1539,396
1096,397
1096,398
1100,399
1803,399
1101,400
1580,400
1803,400
1102,401
1580,401
1804,401
1102,402
1581,402
1804,402
1102,403
1582,403
1805,403
1103,404
1582,404
1806,404
1103,405
1583,405
1807,405
849,406
1103,406
1583,406
1806,406
848,407
1104,407
1584,407
1807,407
847,408
871,408
1104,408
1584,408
1807,408
847,409
871,409
1105,409
1584,409
1807,409
846,410
871,410
1105,410
1585,410
1807,410
848,411
872,411
1106,411
1585,411
1807,411
860,412
1106,412
1585,412
1807,412
847,413
873,413
1107,413
1585,413
1808,413
848,414
873,414
1108,414
1128,414
1585,414
1808,414
849,415
872,415
1108,415
1128,415
1585,415
1809,415
871,416
1129,416
1129,417
631,418
1129,418
1810,418
629,419
1129,419
629,420
1130,420
1812,420
628,421
1130,421
1587,421
1814,421
627,422
1130,422
1814,422
626,423
1130,423
1592,423
1814,423
626,424
1131,424
1594,424
1815,424
625,425
1131,425
1593,425
1815,425
625,426
1130,426
1594,426
1815,426
624,427
1131,427
1594,427
1815,427
624,428
1131,428
1594,428
1815,428
624,429
893,429
1131,429
1594,429
1815,429
623,430
894,430
1132,430
1594,430
1816,430
894,431
1131,431
1595,431
1817,431
618,432
894,432
1596,432
1816,432
618,433
894,433
1596,433
1817,433
613,434
619,434
894,434
1597,434
1818,434
612,435
895,435
1133,435
1596,435
1818,435
612,436
895,436
1597,436
1817,436
611,437
895,437
1598,437
610,438
895,438
1598,438
611,439
895,439
1135,439
610,440
896,440
1135,440
609,441
896,441
1135,441
1830,441
609,442
896,442
1135,442
1830,442
608,443
896,443
1135,443
1636,443
1831,443
608,444
896,444
1135,444
1635,444
1832,444
607,445
896,445
1136,445
1635,445
1834,445
608,446
1136,446
1634,446
1834,446
669,447
1136,447
1633,447
1835,447
668,448
1136,448
1632,448
1835,448
667,449
1136,449
1632,449
1836,449
666,450
1136,450
1631,450
1836,450
666,451
1136,451
1631,451
1837,451
666,452
1137,452
1630,452
1837,452
664,453
901,453
1137,453
1630,453
1837,453
665,454
900,454
1138,454
1630,454
1837,454
664,455
900,455
1138,455
1629,455
1837,455
664,456
900,456
1137,456
1155,456
1629,456
1838,456
663,457
900,457
1156,457
1628,457
663,458
900,458
1157,458
1627,458
663,459
900,459
1158,459
1843,459
663,460
900,460
1159,460
1623,460
1844,460
662,461
900,461
1160,461
1623,461
1845,461
662,462
901,462
1161,462
1849,462
662,463
901,463
1161,463
1619,463
1850,463
662,464
901,464
1162,464
1618,464
1850,464
902,465
1162,465
1618,465
1851,465
659,466
902,466
1162,466
1618,466
1851,466
902,467
947,467
1163,467
1617,467
1851,467
658,468
902,468
946,468
1163,468
1617,468
1852,468
658,469
903,469
946,469
1163,469
1616,469
1852,469
659,470
945,470
1164,470
1616,470
1852,470
379,471
657,471
945,471
1164,471
1616,471
1853,471
378,472
944,472
1615,472
1854,472
377,473
653,473
943,473
1615,473
1854,473
377,474
654,474
944,474
1170,474
1613,474
1855,474
378,475
653,475
943,475
1171,475
1612,475
1856,475
379,476
653,476
942,476
1171,476
1177,476
1612,476
1857,476
380,477
652,477
942,477
1176,477
1612,477
1857,477
380,478
653,478
942,478
1177,478
1858,478
652,479
941,479
1177,479
652,480
941,480
1177,480
652,481
941,481
1178,481
651,482
940,482
1178,482
1646,482
651,483
941,483
1178,483
1647,483
650,484
1179,484
1648,484
1888,484
650,485
1179,485
1648,485
1887,485
652,486
1180,486
1649,486
1887,486
651,487
1180,487
1650,487
1886,487
646,488
936,488
1182,488
1444,488
1651,488
1886,488
648,489
936,489
1182,489
1445,489
1651,489
1885,489
647,490
683,490
1183,490
1444,490
1652,490
1884,490
684,491
931,491
1183,491
1216,491
1443,491
1652,491
1884,491
686,492
931,492
1215,492
1443,492
1652,492
1884,492
686,493
930,493
1215,493
1441,493
1652,493
1883,493
688,494
930,494
1214,494
1441,494
1653,494
1883,494
688,495
930,495
1214,495
1441,495
1653,495
1883,495
689,496
930,496
1214,496
1440,496
1653,496
1882,496
689,497
930,497
1212,497
1440,497
1653,497
1882,497
690,498
929,498
1212,498
1440,498
1655,498
1881,498
690,499
929,499
1212,499
1439,499
1878,499
691,500
929,500
1212,500
1439,500
691,501
928,501
1211,501
1439,501
691,502
927,502
1211,502
1438,502
691,503
928,503
1211,503
1435,503
341,504
696,504
927,504
1211,504
1661,504
1873,504
342,505
697,505
926,505
981,505
1210,505
1662,505
1872,505
343,506
371,506
697,506
925,506
980,506
1210,506
1663,506
1872,506
369,507
702,507
925,507
980,507
1210,507
1433,507
1664,507
1872,507
366,508
703,508
979,508
1210,508
1429,508
1663,508
1872,508
365,509
704,509
980,509
1209,509
1429,509
1664,509
1871,509
365,510
463,510
703,510
979,510
1207,510
1429,510
1664,510
1871,510
362,511
463,511
704,511
980,511
1207,511
1429,511
1664,511
1871,511
363,512
462,512
704,512
975,512
981,512
1429,512
1665,512
1870,512
363,513
461,513
705,513
975,513
981,513
1428,513
1665,513
1870,513
460,514
705,514
975,514
981,514
1428,514
1665,514
1869,514
460,515
706,515
977,515
1427,515
1666,515
1868,515
459,516
707,516
978,516
1427,516
1666,516
1867,516
459,517
707,517
977,517
1202,517
1427,517
1667,517
1867,517
458,518
708,518
977,518
1202,518
1426,518
1668,518
458,519
710,519
977,519
1201,519
1425,519
1668,519
458,520
977,520
1202,520
1425,520
1669,520
458,521
976,521
1202,521
1424,521
1669,521
458,522
1201,522
1424,522
458,523
1201,523
1423,523
384,524
457,524
1201,524
1423,524
457,525
1201,525
455,526
1201,526
973,527
1201,527
1924,527
1199,528
1924,528
971,529
1200,529
1924,529
454,530
970,530
1199,530
1922,530
454,531
970,531
1198,531
1922,531
970,532
1199,532
1677,532
1920,532
449,533
750,533
970,533
1198,533
1679,533
1920,533
448,534
750,534
971,534
1197,534
1680,534
1919,534
448,535
749,535
967,535
974,535
1197,535
1452,535
1681,535
1919,535
448,536
748,536
1454,536
1681,536
1918,536
448,537
748,537
971,537
1454,537
1682,537
1918,537
448,538
747,538
967,538
1456,538
1683,538
1918,538
447,539
746,539
965,539
972,539
1228,539
1456,539
1683,539
1917,539
214,540
447,540
745,540
970,540
1229,540
1456,540
1684,540
1917,540
214,541
446,541
726,541
744,541
967,541
1231,541
1458,541
1684,541
1912,541
1917,541
212,542
446,542
727,542
736,542
745,542
967,542
1231,542
1458,542
1686,542
1911,542
212,543
445,543
727,543
745,543
967,543
1233,543
1459,543
1690,543
1698,543
211,544
445,544
498,544
726,544
966,544
1019,544
1233,544
1460,544
1692,544
1699,544
210,545
445,545
498,545
725,545
965,545
1019,545
1233,545
1462,545
1699,545
1903,545
1908,545
210,546
444,546
497,546
724,546
1018,546
1234,546
1461,546
1468,546
1479,546
1700,546
1904,546
209,547
444,547
497,547
724,547
1018,547
1234,547
1479,547
1700,547
1903,547
209,548
443,548
497,548
723,548
1017,548
1235,548
1479,548
1701,548
1903,548
208,549
496,549
722,549
1017,549
1236,549
1479,549
1701,549
1903,549
209,550
496,550
722,550
1016,550
1236,550
1481,550
1702,550
1902,550
208,551
495,551
719,551
1016,551
1235,551
1481,551
1703,551
1902,551
208,552
496,552
1016,552
1241,552
1481,552
1703,552
1901,552
207,553
495,553
1015,553
1482,553
1705,553
1901,553
208,554
495,554
1015,554
1249,554
1482,554
1706,554
1900,554
208,555
495,555
1015,555
1249,555
1483,555
1899,555
207,556
495,556
772,556
1014,556
1250,556
1485,556
1898,556
205,557
495,557
772,557
1014,557
1250,557
1485,557
1897,557
495,558
772,558
1015,558
1251,558
1896,558
494,559
772,559
1014,559
1250,559
1894,559
203,560
495,560
772,560
1014,560
1251,560
205,561
772,561
1252,561
772,562
1252,562
200,563
772,563
1253,563
1731,563
198,564
493,564
773,564
1011,564
1254,564
1731,564
197,565
494,565
773,565
1011,565
1256,565
1731,565
197,566
496,566
773,566
1257,566
1730,566
197,567
773,567
1007,567
1257,567
1730,567
197,568
491,568
773,568
1008,568
1730,568
196,569
491,569
773,569
1007,569
1730,569
196,570
491,570
773,570
1007,570
1492,570
1730,570
196,571
490,571
698,571
773,571
1007,571
1493,571
1730,571
1955,571
195,572
490,572
699,572
773,572
1007,572
1494,572
1729,572
1955,572
195,573
490,573
773,573
1007,573
1495,573
1729,573
1954,573
195,574
490,574
773,574
1006,574
1496,574
1728,574
1953,574
194,575
490,575
1006,575
1496,575
1729,575
1952,575
194,576
490,576
1005,576
1497,576
1729,576
1952,576
193,577
490,577
1005,577
1498,577
1728,577
1951,577
193,578
490,578
1005,578
1498,578
1728,578
1951,578
192,579
489,579
775,579
1005,579
1499,579
1727,579
1950,579
192,580
489,580
1004,580
1499,580
1728,580
1950,580
489,581
775,581
1003,581
1499,581
1950,581
489,582
775,582
1004,582
1499,582
1949,582
489,583
776,583
1061,583
1499,583
1948,583
488,584
776,584
1061,584
1500,584
1943,584
775,585
1060,585
1943,585
776,586
1059,586
1291,586
1724,586
257,587
776,587
1058,587
1293,587
1504,587
1723,587
1939,587
258,588
776,588
1057,588
1293,588
1504,588
1724,588
1938,588
259,589
776,589
1057,589
1266,589
1293,589
1507,589
1722,589
1937,589
232,590
258,590
518,590
776,590
1056,590
1266,590
1293,590
1509,590
1724,590
1937,590
232,591
259,591
518,591
776,591
1056,591
1265,591
1293,591
1509,591
1723,591
1937,591
232,592
257,592
519,592
776,592
1055,592
1266,592
1290,592
1509,592
1723,592
1936,592
244,593
520,593
776,593
1055,593
1267,593
1291,593
1510,593
1723,593
1936,593
234,594
256,594
520,594
776,594
1054,594
1264,594
1291,594
1510,594
1723,594
1935,594
230,595
254,595
521,595
776,595
1054,595
1263,595
1290,595
1510,595
1722,595
1935,595
230,596
254,596
522,596
777,596
1054,596
1263,596
1291,596
1511,596
1722,596
1934,596
230,597
522,597
777,597
1054,597
1264,597
1511,597
1722,597
1933,597
229,598
524,598
777,598
1054,598
1265,598
1512,598
1723,598
1932,598
230,599
525,599
542,599
777,599
1052,599
1513,599
1722,599
1931,599
523,600
534,600
542,600
777,600
1050,600
1513,600
1722,600
1930,600
540,601
777,601
1513,601
1721,601
543,602
778,602
1048,602
1514,602
1721,602
543,603
1047,603
1515,603
1720,603
544,604
1047,604
1720,604
545,605
1043,605
1719,605
545,606
1042,606
1719,606
1756,606
547,607
1042,607
1756,607
547,608
1042,608
1547,608
1756,608
547,609
1041,609
1547,609
1757,609
552,610
1041,610
1547,610
1756,610
1963,610
1041,611
1545,611
1757,611
1964,611
1040,612
1546,612
1758,612
1965,612
1040,613
1546,613
1757,613
1966,613
1040,614
1544,614
1757,614
1966,614
1039,615
1544,615
1758,615
1967,615
1039,616
1544,616
1758,616
1968,616
1037,617
1544,617
1758,617
1969,617
1036,618
1079,618
1543,618
1758,618
1969,618
1037,619
1079,619
1543,619
1758,619
1970,619
1036,620
1079,620
1544,620
1758,620
1970,620
1034,621
1080,621
1543,621
1758,621
1970,621
1080,622
1542,622
1758,622
1971,622
1080,623
1543,623
1970,623
1081,624
1542,624
1970,624
1080,625
1302,625
1971,625
1081,626
1301,626
1539,626
1081,627
1300,627
1759,627
1081,628
1300,628
1081,629
1300,629
1322,629
1536,629
1973,629
1082,630
1301,630
1324,630
1760,630
1082,631
1301,631
1325,631
1535,631
1761,631
1981,631
1082,632
1305,632
1326,632
1535,632
1761,632
1982,632
1082,633
1303,633
1324,633
1535,633
1761,633
1982,633
1082,634
1303,634
1327,634
1534,634
1761,634
1982,634
1082,635
1303,635
1327,635
1535,635
1761,635
1982,635
1082,636
1328,636
1534,636
1761,636
1983,636
1083,637
1328,637
1534,637
1762,637
1983,637
1327,638
1534,638
1761,638
1984,638
1327,639
1534,639
1762,639
1985,639
1084,640
1533,640
1762,640
1984,640
1532,641
1762,641
1985,641
1084,642
1532,642
1761,642
1986,642
1085,643
1532,643
1763,643
1986,643
1531,644
1762,644
1988,644
1531,645
1762,645
1988,645
1087,646
1530,646
1762,646
1989,646
1088,647
1529,647
1802,647
859,648
1087,648
1802,648
863,649
1087,649
1802,649
621,650
863,650
1088,650
1801,650
621,651
842,651
864,651
1087,651
1801,651
620,652
841,652
864,652
1088,652
1800,652
48,653
620,653
840,653
862,653
1088,653
1799,653
48,654
339,654
619,654
840,654
860,654
1088,654
1800,654
47,655
341,655
619,655
840,655
862,655
1088,655
1799,655
47,656
342,656
619,656
839,656
861,656
1088,656
1335,656
1798,656
46,657
341,657
618,657
838,657
860,657
1089,657
1336,657
1798,657
45,658
340,658
618,658
839,658
1089,658
1114,658
1338,658
1798,658
44,659
316,659
340,659
617,659
838,659
1089,659
1115,659
1339,659
1798,659
24,660
43,660
317,660
339,660
617,660
841,660
1090,660
1114,660
1339,660
1798,660
24,661
40,661
317,661
336,661
616,661
1090,661
1115,661
1340,661
1797,661
29,662
43,662
326,662
617,662
1090,662
1115,662
1341,662
1797,662
27,663
39,663
317,663
336,663
616,663
1091,663
1116,663
1341,663
1562,663
1797,663
26,664
315,664
336,664
616,664
1091,664
1116,664
1341,664
1560,664
1796,664
26,665
314,665
616,665
1091,665
1117,665
1342,665
1560,665
1585,665
1794,665
26,666
314,666
616,666
1117,666
1343,666
1559,666
1585,666
26,667
313,667
615,667
1117,667
1342,667
1559,667
1586,667
1791,667
25,668
313,668
616,668
1117,668
1343,668
1559,668
1586,668
1117,669
1343,669
1573,669
1118,670
1344,670
1560,670
1572,670
1587,670
1790,670
1118,671
1560,671
1587,671
875,672
1118,672
1348,672
1561,672
1586,672
1788,672
613,673
876,673
1118,673
1349,673
1562,673
1586,673
1788,673
611,674
877,674
1118,674
1583,674
1788,674
877,675
1118,675
1353,675
1787,675
609,676
878,676
1118,676
1355,676
1787,676
608,677
879,677
1355,677
1788,677
356,678
608,678
880,678
1355,678
1787,678
357,679
607,679
880,679
1356,679
1787,679
358,680
607,680
881,680
1121,680
1357,680
1786,680
358,681
607,681
881,681
1121,681
1357,681
1786,681
359,682
607,682
881,682
1357,682
1786,682
88,683
359,683
607,683
882,683
1357,683
1785,683
90,684
360,684
606,684
882,684
1123,684
1358,684
1784,684
88,685
360,685
606,685
882,685
1124,685
1359,685
1784,685
88,686
361,686
606,686
883,686
1124,686
1359,686
1783,686
86,687
361,687
605,687
882,687
1124,687
1360,687
1783,687
86,688
361,688
605,688
883,688
1124,688
1361,688
1782,688
85,689
362,689
604,689
884,689
1124,689
1362,689
1781,689
85,690
361,690
604,690
1125,690
1363,690
1781,690
85,691
362,691
604,691
888,691
1125,691
83,692
362,692
603,692
888,692
1125,692
2032,692
77,693
84,693
363,693
603,693
888,693
1125,693
2032,693
67,694
83,694
603,694
1125,694
1623,694
2034,694
67,695
76,695
892,695
1125,695
1621,695
2034,695
67,696
368,696
894,696
1126,696
1621,696
2034,696
66,697
368,697
894,697
1126,697
1620,697
2035,697
66,698
369,698
894,698
1127,698
1618,698
2035,698
65,699
371,699
895,699
1127,699
1617,699
2036,699
64,700
372,700
895,700
1127,700
1617,700
2036,700
64,701
373,701
895,701
1128,701
1148,701
1617,701
2037,701
63,702
373,702
895,702
1128,702
1148,702
1616,702
2037,702
62,703
373,703
895,703
1148,703
1616,703
2037,703
62,704
373,704
639,704
896,704
1150,704
1399,704
1615,704
2037,704
59,705
373,705
638,705
662,705
897,705
1150,705
1399,705
1615,705
2037,705
374,706
637,706
663,706
897,706
1150,706
1399,706
1615,706
2037,706
374,707
637,707
664,707
898,707
1151,707
1398,707
1614,707
2038,707
375,708
637,708
664,708
898,708
1152,708
1398,708
1615,708
2037,708
375,709
651,709
899,709
1152,709
1398,709
1607,709
2037,709
376,710
638,710
662,710
900,710
1152,710
1396,710
377,711
638,711
665,711
900,711
1153,711
1374,711
1396,711
1606,711
377,712
639,712
665,712
902,712
1153,712
1374,712
1394,712
1599,712
1604,712
378,713
640,713
664,713
1153,713
1373,713
1385,713
1396,713
1601,713
2040,713
100,714
379,714
663,714
941,714
1153,714
1375,714
1394,714
1599,714
2040,714
102,715
380,715
940,715
1153,715
1372,715
1394,715
1599,715
103,716
939,716
1153,716
1372,716
1599,716
104,717
938,717
1371,717
1598,717
2043,717
105,718
937,718
1370,718
1598,718
2045,718
106,719
936,719
1157,719
1369,719
1597,719
2044,719
106,720
935,720
1369,720
1597,720
2045,720
106,721
935,721
1157,721
1369,721
1596,721
2045,721
107,722
934,722
1158,722
1367,722
1595,722
2045,722
108,723
934,723
1595,723
2046,723
108,724
934,724
1161,724
1593,724
2045,724
109,725
933,725
1161,725
1592,725
2046,725
109,726
117,726
396,726
933,726
1161,726
1592,726
2046,726
117,727
395,727
933,727
1162,727
1591,727
2046,727
123,728
395,728
418,728
933,728
1162,728
2047,728
125,729
395,729
419,729
927,729
1162,729
1644,729
2047,729
126,730
394,730
419,730
1163,730
1644,730
2047,730
126,731
395,731
408,731
421,731
926,731
1163,731
1644,731
2048,731
127,732
396,732
419,732
926,732
1163,732
1644,732
2048,732
128,733
395,733
420,733
919,733
1163,733
1643,733
2048,733
128,734
397,734
422,734
919,734
1164,734
1644,734
1849,734
129,735
397,735
421,735
919,735
1165,735
1644,735
1849,735
130,736
420,736
918,736
1165,736
1644,736
1850,736
130,737
420,737
918,737
1166,737
1643,737
1851,737
132,738
918,738
1167,738
1431,738
1643,738
1852,738
133,739
676,739
917,739
1429,739
1643,739
1852,739
135,740
676,740
917,740
1429,740
1643,740
1853,740
676,741
916,741
1428,741
1643,741
1853,741
677,742
915,742
1428,742
1643,742
1853,742
444,743
677,743
915,743
1427,743
1642,743
1854,743
444,744
678,744
698,744
914,744
1426,744
1642,744
1854,744
445,745
680,745
699,745
913,745
1426,745
1642,745
1854,745
444,746
679,746
689,746
699,746
912,746
1426,746
1642,746
1854,746
444,747
680,747
698,747
911,747
1425,747
1642,747
1854,747
444,748
680,748
701,748
910,748
1425,748
1854,748
445,749
701,749
1425,749
1855,749
444,750
702,750
1424,750
445,751
703,751
1424,751
175,752
445,752
703,752
1640,752
174,753
445,753
704,753
174,754
445,754
1204,754
173,755
446,755
1205,755
1417,755
173,756
445,756
1182,756
1206,756
1417,756
1863,756
2065,756
172,757
446,757
1182,757
1206,757
1413,757
1639,757
1863,757
2066,757
172,758
446,758
1181,758
1205,758
1413,758
1639,758
1863,758
2065,758
149,759
170,759
446,759
1181,759
1204,759
1413,759
1640,759
1864,759
2064,759
148,760
167,760
446,760
1182,760
1204,760
1412,760
1640,760
1864,760
2063,760
158,761
445,761
1180,761
1205,761
1412,761
1639,761
1864,761
2062,761
149,762
168,762
446,762
1180,762
1204,762
1412,762
1639,762
1864,762
2062,762
147,763
446,763
1180,763
1203,763
1412,763
1639,763
1864,763
2062,763
146,764
951,764
1181,764
1412,764
1639,764
1865,764
2060,764
146,765
951,765
973,765
1181,765
1411,765
1639,765
1865,765
2060,765
145,766
950,766
974,766
1410,766
1639,766
1866,766
2058,766
144,767
449,767
950,767
975,767
1410,767
1639,767
1866,767
2055,767
145,768
450,768
949,768
975,768
1408,768
1638,768
1867,768
143,769
950,769
974,769
1408,769
1638,769
1867,769
950,770
962,770
976,770
1406,770
1638,770
1867,770
951,771
976,771
1638,771
1868,771
450,772
712,772
952,772
976,772
1638,772
450,773
714,773
952,773
976,773
1637,773
449,774
715,774
975,774
1637,774
1659,774
211,775
449,775
717,775
974,775
1637,775
1662,775
211,776
449,776
717,776
1662,776
209,777
450,777
718,777
1663,777
209,778
449,778
719,778
1664,778
208,779
450,779
719,779
1664,779
208,780
450,780
720,780
1666,780
207,781
450,781
720,781
1666,781
207,782
450,782
721,782
1667,782
206,783
450,783
721,783
1667,783
205,784
451,784
735,784
1667,784
205,785
451,785
734,785
1668,785
205,786
451,786
735,786
1470,786
1667,786
206,787
451,787
736,787
1468,787
1668,787
205,788
451,788
737,788
1468,788
1668,788
205,789
451,789
737,789
1244,789
1467,789
1669,789
205,790
452,790
471,790
738,790
1243,790
1466,790
1669,790
204,791
452,791
472,791
739,791
1241,791
1465,791
1671,791
474,792
739,792
1241,792
1465,792
475,793
740,793
1240,793
1464,793
1674,793
201,794
476,794
742,794
1239,794
1444,794
1461,794
1674,794
203,795
476,795
743,795
1239,795
1443,795
1453,795
1464,795
1674,795
200,796
477,796
1238,796
1445,796
1464,796
1678,796
477,797
1238,797
1443,797
1679,797
197,798
478,798
1237,798
1441,798
1680,798
196,799
479,799
985,799
1230,799
1237,799
1441,799
1681,799
196,800
479,800
987,800
1220,800
1228,800
1237,800
1440,800
1681,800
196,801
480,801
987,801
1220,801
1227,801
1439,801
1681,801
195,802
481,802
777,802
988,802
1220,802
1439,802
1682,802
195,803
488,803
776,803
989,803
1219,803
1438,803
1682,803
195,804
489,804
494,804
776,804
989,804
1219,804
1438,804
1682,804
195,805
494,805
775,805
990,805
1218,805
1683,805
195,806
496,806
774,806
991,806
1218,806
1683,806
194,807
496,807
773,807
992,807
1217,807
1684,807
194,808
496,808
772,808
994,808
1008,808
1216,808
1684,808
193,809
497,809
772,809
991,809
1008,809
1216,809
1685,809
193,810
498,810
772,810
1008,810
1214,810
1685,810
193,811
498,811
772,811
1009,811
1686,811
192,812
499,812
772,812
1009,812
1687,812
191,813
500,813
771,813
1010,813
1688,813
1715,813
501,814
771,814
1010,814
1715,814
502,815
770,815
1011,815
1714,815
503,816
770,816
1012,816
1714,816
771,817
1013,817
1714,817
769,818
1014,818
1713,818
256,819
1267,819
1713,819
254,820
1266,820
1713,820
253,821
1267,821
1713,821
252,822
767,822
1267,822
1712,822
252,823
1266,823
1712,823
252,824
764,824
1266,824
1472,824
1712,824
251,825
762,825
1266,825
1473,825
1712,825
250,826
761,826
1266,826
1474,826
1711,826
249,827
761,827
1266,827
1475,827
1711,827
244,828
250,828
761,828
1266,828
1476,828
1711,828
233,829
242,829
249,829
760,829
1266,829
1477,829
1711,829
235,830
760,830
1266,830
1477,830
1711,830
1938,830
234,831
760,831
1265,831
1478,831
1710,831
1936,831
233,832
759,832
1265,832
1478,832
1708,832
1936,832
232,833
541,833
759,833
1265,833
1479,833
1935,833
232,834
541,834
759,834
1265,834
1480,834
1934,834
231,835
541,835
758,835
1266,835
1481,835
1706,835
1934,835
231,836
540,836
757,836
1265,836
1487,836
1933,836
229,837
516,837
539,837
757,837
1488,837
1496,837
1915,837
1924,837
1933,837
229,838
516,838
538,838
756,838
795,838
1496,838
1917,838
1933,838
226,839
516,839
536,839
756,839
796,839
1051,839
1496,839
1914,839
1932,839
526,840
755,840
796,840
1050,840
1497,840
1704,840
1914,840
515,841
537,841
754,841
796,841
1049,841
1497,841
1703,841
1913,841
515,842
537,842
797,842
1049,842
1498,842
1704,842
1913,842
513,843
797,843
1048,843
1498,843
1703,843
1912,843
513,844
797,844
1047,844
1499,844
1704,844
1911,844
513,845
798,845
1047,845
1263,845
1500,845
1703,845
1911,845
513,846
798,846
1046,846
1263,846
1500,846
1703,846
513,847
799,847
1027,847
1037,847
1046,847
1263,847
1502,847
1703,847
799,848
1026,848
1035,848
1045,848
1263,848
1502,848
1703,848
798,849
1028,849
1046,849
1263,849
1505,849
1703,849
799,850
1025,850
1263,850
1702,850
799,851
1025,851
1262,851
1702,851
799,852
1025,852
1263,852
1701,852
800,853
1023,853
1262,853
1701,853
800,854
1022,854
1262,854
1701,854
801,855
1022,855
1262,855
1700,855
801,856
1021,856
1262,856
1700,856
1261,857
1699,857
1261,858
1307,858
1699,858
803,859
1261,859
1306,859
804,860
1261,860
1306,860
1261,861
1306,861
1946,861
1305,862
1946,862
1304,863
1947,863
807,864
1305,864
1723,864
1948,864
807,865
1305,865
1724,865
1949,865
807,866
1304,866
1726,866
1950,866
807,867
1304,867
1727,867
1949,867
807,868
1303,868
1728,868
1950,868
808,869
1303,869
1728,869
1950,869
574,870
807,870
1303,870
1730,870
1951,870
580,871
808,871
1303,871
1730,871
1951,871
579,872
808,872
1303,872
1535,872
1730,872
1951,872
555,873
579,873
808,873
1303,873
1535,873
1731,873
1952,873
555,874
579,874
809,874
1303,874
1512,874
1535,874
1731,874
1952,874
555,875
579,875
809,875
1302,875
1510,875
1535,875
1732,875
1952,875
554,876
576,876
809,876
1303,876
1510,876
1535,876
1733,876
1952,876
564,877
810,877
1300,877
1509,877
1520,877
1533,877
1732,877
1739,877
1953,877
553,878
577,878
810,878
1088,878
1511,878
1533,878
1740,878
1748,878
552,879
576,879
811,879
1087,879
1508,879
1534,879
1747,879
552,880
811,880
1085,880
1508,880
1533,880
1748,880
552,881
812,881
1085,881
1298,881
1507,881
1532,881
1749,881
553,882
1085,882
1508,882
1750,882
338,883
1083,883
1509,883
1750,883
337,884
1083,884
1750,884
1960,884
336,885
1081,885
1296,885
1752,885
1960,885
335,886
1063,886
1080,886
1296,886
1752,886
1961,886
333,887
824,887
1063,887
1072,887
1081,887
1295,887
1752,887
1961,887
333,888
825,888
1064,888
1081,888
1296,888
1753,888
1961,888
333,889
826,889
1063,889
1296,889
1755,889
1961,889
332,890
827,890
1062,890
1295,890
1755,890
1961,890
331,891
828,891
1062,891
1295,891
1758,891
1962,891
331,892
828,892
1061,892
1295,892
1962,892
331,893
830,893
1061,893
1295,893
1962,893
330,894
830,894
1059,894
1295,894
1962,894
330,895
830,895
1058,895
1294,895
1963,895
330,896
832,896
1058,896
1294,896
1964,896
330,897
830,897
839,897
850,897
1054,897
1058,897
1294,897
1964,897
323,898
832,898
840,898
850,898
1294,898
1337,898
1964,898
327,899
832,899
843,899
850,899
1294,899
1337,899
850,900
1292,900
1337,900
318,901
851,901
1293,901
1336,901
316,902
852,902
1292,902
1336,902
315,903
852,903
1291,903
1336,903
316,904
853,904
1291,904
1336,904
315,905
854,905
1109,905
1336,905
314,906
854,906
1108,906
1336,906
314,907
854,907
1108,907
1336,907
1786,907
313,908
856,908
1108,908
1335,908
1785,908
314,909
593,909
616,909
858,909
1108,909
1335,909
1785,909
312,910
593,910
617,910
1108,910
1335,910
1783,910
312,911
593,911
618,911
1108,911
1335,911
1783,911
1974,911
310,912
592,912
618,912
880,912
1108,912
1335,912
1782,912
1975,912
310,913
592,913
615,913
880,913
1108,913
1335,913
1781,913
1976,913
309,914
593,914
615,914
879,914
1108,914
1335,914
1568,914
1781,914
1977,914
307,915
592,915
617,915
879,915
1108,915
1335,915
1567,915
1781,915
1979,915
591,916
616,916
879,916
1108,916
1335,916
1546,916
1568,916
1781,916
1979,916
593,917
615,917
879,917
1108,917
1335,917
1545,917
1568,917
1780,917
1980,917
593,918
879,918
1108,918
1543,918
1568,918
1779,918
1980,918
879,919
1108,919
1556,919
1773,919
1980,919
879,920
1108,920
1543,920
1567,920
1981,920
348,921
879,921
1108,921
1542,921
1567,921
1981,921
349,922
878,922
1108,922
1543,922
1566,922
1767,922
1983,922
350,923
878,923
1544,923
1567,923
1767,923
1987,923
351,924
879,924
1333,924
1545,924
1766,924
1989,924
1995,924
352,925
879,925
1766,925
1994,925
352,926
878,926
1332,926
1766,926
1996,926
353,927
878,927
1333,927
1765,927
1992,927
1998,927
354,928
878,928
1332,928
1765,928
1996,928
354,929
879,929
1332,929
1764,929
1997,929
355,930
879,930
1332,930
1763,930
1998,930
356,931
878,931
1332,931
1762,931
1998,931
356,932
879,932
1107,932
1332,932
1761,932
1999,932
356,933
1108,933
1332,933
1760,933
2000,933
362,934
1108,934
1332,934
2000,934
364,935
1108,935
1332,935
2002,935
364,936
369,936
660,936
1108,936
1332,936
368,937
659,937
878,937
1108,937
1332,937
369,938
658,938
1108,938
1332,938
370,939
656,939
1108,939
1331,939
370,940
656,940
1108,940
1331,940
1374,940
1580,940
370,941
654,941
1108,941
1332,941
1373,941
1580,941
1802,941
371,942
654,942
877,942
1108,942
1331,942
1373,942
1580,942
1802,942
372,943
653,943
877,943
1108,943
1330,943
1372,943
1581,943
1802,943
372,944
653,944
877,944
1108,944
1330,944
1372,944
1582,944
1803,944
374,945
652,945
877,945
1108,945
1372,945
1582,945
1803,945
375,946
652,946
877,946
1108,946
1372,946
1583,946
1803,946
376,947
404,947
652,947
877,947
1108,947
1372,947
1583,947
1803,947
2032,947
377,948
405,948
651,948
877,948
1108,948
1372,948
1583,948
1804,948
2032,948
404,949
650,949
877,949
1108,949
1371,949
1584,949
1804,949
2031,949
404,950
644,950
651,950
876,950
1372,950
1584,950
1804,950
2030,950
404,951
644,951
877,951
1371,951
1584,951
1805,951
2030,951
403,952
634,952
643,952
877,952
1371,952
1584,952
1804,952
2029,952
403,953
635,953
876,953
1371,953
1584,953
1804,953
2029,953
403,954
635,954
877,954
914,954
1371,954
1585,954
1805,954
2028,954
404,955
634,955
877,955
916,955
1371,955
1585,955
1804,955
2028,955
404,956
633,956
877,956
915,956
1371,956
1585,956
1804,956
2028,956
403,957
633,957
877,957
915,957
1370,957
1585,957
1804,957
2027,957
403,958
632,958
876,958
915,958
1372,958
1805,958
2027,958
403,959
632,959
876,959
915,959
2027,959
403,960
631,960
876,960
915,960
1588,960
2026,960
403,961
630,961
876,961
915,961
1589,961
2026,961
403,962
629,962
915,962
1368,962
2026,962
403,963
629,963
914,963
2025,963
403,964
627,964
915,964
1591,964
2021,964
403,965
626,965
914,965
1593,965
2020,965
625,966
915,966
1592,966
1807,966
122,967
679,967
915,967
1365,967
1593,967
1807,967
123,968
679,968
914,968
1366,968
1594,968
1807,968
123,969
678,969
915,969
1366,969
1593,969
1808,969
2016,969
124,970
679,970
914,970
1366,970
1594,970
1808,970
2016,970
124,971
403,971
679,971
914,971
1366,971
1593,971
1808,971
2015,971
124,972
678,972
1366,972
1594,972
1808,972
2015,972
125,973
679,973
1365,973
1594,973
1808,973
2015,973
125,974
679,974
1366,974
1594,974
1808,974
2015,974
125,975
402,975
679,975
1365,975
1595,975
1808,975
2014,975
126,976
402,976
679,976
1365,976
1595,976
1808,976
2014,976
126,977
401,977
679,977
1365,977
1596,977
1808,977
2014,977
126,978
401,978
679,978
1364,978
1596,978
1809,978
2014,978
127,979
402,979
679,979
1364,979
1596,979
1809,979
2013,979
402,980
680,980
914,980
1364,980
1598,980
1809,980
2012,980
401,981
679,981
914,981
1364,981
1597,981
1809,981
2012,981
401,982
680,982
915,982
1364,982
1628,982
1809,982
2011,982
401,983
680,983
914,983
1363,983
1628,983
1809,983
2010,983
401,984
679,984
914,984
1363,984
1391,984
1628,984
1809,984
2009,984
401,985
680,985
915,985
1363,985
1392,985
1627,985
2009,985
401,986
914,986
1392,986
1627,986
401,987
914,987
1393,987
1627,987
141,988
401,988
914,988
1393,988
1626,988
142,989
401,989
681,989
914,989
1394,989
1626,989
142,990
401,990
914,990
1395,990
1626,990
143,991
401,991
914,991
1396,991
1626,991
2064,991
144,992
402,992
915,992
952,992
1396,992
1626,992
2064,992
144,993
401,993
682,993
915,993
951,993
1396,993
1626,993
1854,993
2063,993
145,994
165,994
401,994
681,994
914,994
952,994
1397,994
1625,994
1854,994
2062,994
148,995
168,995
681,995
914,995
952,995
1397,995
1625,995
1851,995
2062,995
146,996
156,996
167,996
681,996
914,996
951,996
1397,996
1625,996
1851,996
2061,996
146,997
165,997
681,997
914,997
951,997
1397,997
1625,997
1850,997
2061,997
146,998
169,998
681,998
951,998
1397,998
1625,998
1850,998
2060,998
169,999
682,999
951,999
1398,999
1624,999
1849,999
2060,999
170,1000
681,1000
952,1000
1398,1000
1849,1000
2059,1000
171,1001
682,1001
951,1001
1848,1001
2059,1001
171,1002
428,1002
681,1002
952,1002
1161,1002
1169,1002
1846,1002
2059,1002
171,1003
427,1003
453,1003
681,1003
951,1003
1166,1003
1402,1003
1846,1003
2058,1003
171,1004
428,1004
453,1004
682,1004
951,1004
1166,1004
1838,1004
1847,1004
2058,1004
168,1005
428,1005
455,1005
682,1005
951,1005
1167,1005
1189,1005
1830,1005
2058,1005
427,1006
456,1006
682,1006
951,1006
1167,1006
1189,1006
1831,1006
2057,1006
442,1007
682,1007
951,1007
1170,1007
1188,1007
1407,1007
1620,1007
1830,1007
428,1008
456,1008
682,1008
709,1008
951,1008
1168,1008
1188,1008
1408,1008
1620,1008
1828,1008
2052,1008
428,1009
456,1009
683,1009
710,1009
951,1009
1169,1009
1190,1009
1408,1009
1620,1009
1828,1009
429,1010
456,1010
682,1010
711,1010
952,1010
1169,1010
1192,1010
1407,1010
1619,1010
1828,1010
429,1011
455,1011
711,1011
1191,1011
1408,1011
1620,1011
1827,1011
2050,1011
428,1012
454,1012
711,1012
1191,1012
1409,1012
1619,1012
1827,1012
2049,1012
712,1013
1190,1013
1409,1013
1620,1013
1827,1013
2047,1013
712,1014
1409,1014
1619,1014
1824,1014
2047,1014
712,1015
951,1015
1410,1015
1619,1015
1824,1015
2047,1015
713,1016
1410,1016
1619,1016
1823,1016
2047,1016
714,1017
951,1017
1410,1017
1618,1017
2046,1017
213,1018
714,1018
1411,1018
1618,1018
2046,1018
211,1019
714,1019
1411,1019
1618,1019
2046,1019
210,1020
714,1020
951,1020
1412,1020
1617,1020
2045,1020
209,1021
714,1021
951,1021
1413,1021
1617,1021
2044,1021
208,1022
714,1022
951,1022
1413,1022
1616,1022
2044,1022
208,1023
715,1023
951,1023
1414,1023
1428,1023
1616,1023
2043,1023
207,1024
716,1024
950,1024
1428,1024
2042,1024
206,1025
951,1025
1209,1025
1429,1025
2041,1025
206,1026
951,1026
1209,1026
1429,1026
2041,1026
205,1027
718,1027
951,1027
1209,1027
1430,1027
205,1028
951,1028
1209,1028
1430,1028
204,1029
950,1029
1210,1029
1430,1029
1642,1029
199,1030
204,1030
951,1030
1210,1030
1431,1030
1644,1030
202,1031
722,1031
950,1031
1210,1031
1431,1031
1645,1031
190,1032
196,1032
722,1032
950,1032
1210,1032
1432,1032
1645,1032
2081,1032
191,1033
722,1033
951,1033
1210,1033
1432,1033
1646,1033
2082,1033
189,1034
722,1034
951,1034
1211,1034
1432,1034
1647,1034
2081,1034
188,1035
723,1035
951,1035
1211,1035
1432,1035
1647,1035
1854,1035
2082,1035
188,1036
723,1036
951,1036
1211,1036
1432,1036
1648,1036
1856,1036
2082,1036
188,1037
495,1037
723,1037
951,1037
1211,1037
1432,1037
1648,1037
1857,1037
2082,1037
187,1038
494,1038
723,1038
951,1038
1212,1038
1433,1038
1649,1038
1858,1038
2083,1038
186,1039
495,1039
723,1039
1212,1039
1433,1039
1649,1039
1858,1039
2083,1039
186,1040
495,1040
724,1040
1212,1040
1433,1040
1649,1040
1859,1040
2083,1040
186,1041
471,1041
494,1041
725,1041
1211,1041
1433,1041
1649,1041
1860,1041
2084,1041
184,1042
470,1042
493,1042
725,1042
1005,1042
1211,1042
1650,1042
1860,1042
2083,1042
183,1043
469,1043
491,1043
726,1043
1002,1043
1212,1043
1860,1043
2083,1043
182,1044
473,1044
493,1044
726,1044
1002,1044
1861,1044
2084,1044
182,1045
468,1045
492,1045
727,1045
758,1045
1001,1045
1436,1045
1655,1045
1862,1045
2083,1045
468,1046
492,1046
758,1046
1000,1046
1436,1046
1656,1046
1862,1046
2083,1046
468,1047
492,1047
757,1047
998,1047
1863,1047
1870,1047
2084,1047
467,1048
757,1048
998,1048
1661,1048
1871,1048
1880,1048
2083,1048
467,1049
757,1049
998,1049
1439,1049
1661,1049
1878,1049
467,1050
757,1050
997,1050
1440,1050
1662,1050
1879,1050
471,1051
757,1051
996,1051
1440,1051
1662,1051
1881,1051
757,1052
996,1052
1216,1052
1440,1052
1662,1052
1881,1052
757,1053
989,1053
996,1053
1216,1053
1440,1053
1663,1053
1881,1053
757,1054
988,1054
996,1054
1216,1054
1441,1054
1663,1054
1882,1054
757,1055
979,1055
986,1055
1215,1055
1441,1055
1663,1055
1883,1055
756,1056
980,1056
1216,1056
1441,1056
1664,1056
1884,1056
757,1057
978,1057
1216,1057
1441,1057
1665,1057
1884,1057
757,1058
978,1058
1216,1058
1441,1058
1666,1058
1885,1058
757,1059
976,1059
1216,1059
1442,1059
1666,1059
1886,1059
756,1060
976,1060
1217,1060
1442,1060
1667,1060
1886,1060
756,1061
976,1061
1217,1061
1442,1061
1668,1061
975,1062
1217,1062
1443,1062
974,1063
1217,1063
1443,1063
974,1064
1217,1064
1444,1064
757,1065
973,1065
1217,1065
1444,1065
970,1066
1218,1066
1445,1066
1692,1066
970,1067
1218,1067
1691,1067
1218,1068
1692,1068
755,1069
1219,1069
1692,1069
755,1070
1691,1070
1906,1070
755,1071
1234,1071
1691,1071
1906,1071
506,1072
755,1072
1235,1072
1691,1072
1905,1072
507,1073
754,1073
1236,1073
1691,1073
1906,1073
508,1074
755,1074
1237,1074
1691,1074
1906,1074
508,1075
755,1075
1238,1075
1691,1075
1905,1075
509,1076
754,1076
1239,1076
1691,1076
1905,1076
510,1077
755,1077
1239,1077
1691,1077
1905,1077
511,1078
755,1078
1240,1078
1690,1078
1905,1078
511,1079
754,1079
1241,1079
1455,1079
1690,1079
1906,1079
511,1080
519,1080
754,1080
1241,1080
1456,1080
1690,1080
1905,1080
511,1081
524,1081
754,1081
1241,1081
1456,1081
1690,1081
1905,1081
292,1082
527,1082
754,1082
1242,1082
1457,1082
1690,1082
1905,1082
291,1083
527,1083
753,1083
1241,1083
1457,1083
1689,1083
1905,1083
290,1084
528,1084
753,1084
1242,1084
1458,1084
1905,1084
288,1085
529,1085
754,1085
1243,1085
1459,1085
1481,1085
1904,1085
289,1086
530,1086
1243,1086
1461,1086
1481,1086
1904,1086
287,1087
530,1087
1040,1087
1248,1087
1459,1087
1479,1087
287,1088
531,1088
1038,1088
1248,1088
1460,1088
1482,1088
287,1089
532,1089
1038,1089
1248,1089
1483,1089
286,1090
532,1090
1038,1090
1484,1090
285,1091
1037,1091
1253,1091
1484,1091
285,1092
1011,1092
1036,1092
1255,1092
1484,1092
1687,1092
285,1093
1012,1093
1035,1093
1255,1093
1485,1093
1687,1093
284,1094
1011,1094
1023,1094
1035,1094
1256,1094
1485,1094
1687,1094
1902,1094
284,1095
1012,1095
1035,1095
1256,1095
1687,1095
1902,1095
284,1096
1010,1096
1034,1096
1256,1096
1687,1096
1902,1096
284,1097
1010,1097
1034,1097
1257,1097
1687,1097
1902,1097
283,1098
1009,1098
1257,1098
1686,1098
1901,1098
1008,1099
1258,1099
1687,1099
1902,1099
1008,1100
1258,1100
1686,1100
1902,1100
278,1101
1009,1101
1258,1101
1686,1101
1902,1101
278,1102
1259,1102
1686,1102
1902,1102
1260,1103
1686,1103
1902,1103
572,1104
1261,1104
1686,1104
1901,1104
274,1105
571,1105
1262,1105
1507,1105
1685,1105
1901,1105
272,1106
570,1106
1262,1106
1506,1106
1685,1106
1901,1106
272,1107
568,1107
1507,1107
1685,1107
1901,1107
272,1108
568,1108
1507,1108
1684,1108
1900,1108
271,1109
567,1109
1506,1109
1684,1109
1711,1109
1900,1109
271,1110
566,1110
1506,1110
1712,1110
1900,1110
271,1111
566,1111
1506,1111
1713,1111
1899,1111
270,1112
566,1112
1506,1112
1713,1112
270,1113
566,1113
1506,1113
1714,1113
269,1114
565,1114
1506,1114
1714,1114
269,1115
325,1115
565,1115
1506,1115
1714,1115
269,1116
325,1116
564,1116
1506,1116
1715,1116
268,1117
324,1117
562,1117
1506,1117
1716,1117
268,1118
324,1118
558,1118
1505,1118
1715,1118
267,1119
323,1119
1505,1119
1716,1119
266,1120
323,1120
551,1120
556,1120
1297,1120
1505,1120
1716,1120
265,1121
323,1121
551,1121
1296,1121
1505,1121
1716,1121
322,1122
550,1122
1296,1122
1505,1122
1716,1122
322,1123
550,1123
1295,1123
1505,1123
1717,1123
321,1124
550,1124
1294,1124
1505,1124
1717,1124
321,1125
549,1125
1293,1125
1716,1125
321,1126
549,1126
1293,1126
321,1127
549,1127
1293,1127
320,1128
548,1128
1042,1128
1048,1128
1290,1128
321,1129
547,1129
848,1129
1045,1129
1274,1129
1292,1129
320,1130
546,1130
846,1130
1045,1130
1275,1130
1282,1130
1291,1130
1503,1130
1720,1130
321,1131
545,1131
844,1131
1046,1131
1274,1131
1721,1131
320,1132
544,1132
844,1132
1046,1132
1067,1132
1274,1132
1502,1132
320,1133
842,1133
1048,1133
1068,1133
1273,1133
1502,1133
1722,1133
319,1134
842,1134
1048,1134
1058,1134
1069,1134
1273,1134
1503,1134
1725,1134
841,1135
1049,1135
1068,1135
1272,1135
1503,1135
1725,1135
840,1136
1049,1136
1069,1136
1271,1136
1503,1136
1725,1136
840,1137
1049,1137
1070,1137
1271,1137
1502,1137
1725,1137
319,1138
840,1138
1071,1138
1269,1138
1502,1138
1726,1138
839,1139
1071,1139
1269,1139
1502,1139
1725,1139
839,1140
1071,1140
1502,1140
1726,1140
837,1141
1502,1141
1726,1141
314,1142
831,1142
838,1142
1502,1142
1726,1142
314,1143
829,1143
1502,1143
1727,1143
314,1144
821,1144
828,1144
1502,1144
1727,1144
314,1145
821,1145
1501,1145
1727,1145
314,1146
820,1146
1501,1146
1728,1146
313,1147
820,1147
1501,1147
1728,1147
313,1148
819,1148
1501,1148
1729,1148
313,1149
584,1149
819,1149
1501,1149
1729,1149
313,1150
353,1150
582,1150
819,1150
1501,1150
313,1151
354,1151
582,1151
818,1151
1500,1151
312,1152
353,1152
583,1152
817,1152
312,1153
353,1153
583,1153
816,1153
312,1154
354,1154
584,1154
605,1154
815,1154
1550,1154
312,1155
354,1155
586,1155
607,1155
813,1155
1550,1155
311,1156
354,1156
585,1156
604,1156
812,1156
1549,1156
311,1157
354,1157
586,1157
607,1157
1548,1157
311,1158
354,1158
586,1158
608,1158
1548,1158
311,1159
354,1159
585,1159
609,1159
1547,1159
310,1160
354,1160
609,1160
1546,1160
354,1161
610,1161
1545,1161
354,1162
610,1162
1545,1162
355,1163
609,1163
1303,1163
1545,1163
355,1164
1305,1164
1544,1164
355,1165
881,1165
1305,1165
1544,1165
355,1166
880,1166
1305,1166
1544,1166
355,1167
880,1167
1307,1167
1543,1167
355,1168
878,1168
1306,1168
1543,1168
356,1169
878,1169
1308,1169
1537,1169
876,1170
1310,1170
1326,1170
1537,1170
876,1171
1308,1171
1324,1171
875,1172
1309,1172
1326,1172
1531,1172
1535,1172
629,1173
875,1173
1327,1173
1531,1173
357,1174
629,1174
874,1174
1328,1174
1531,1174
629,1175
874,1175
1328,1175
1530,1175
629,1176
874,1176
1330,1176
1530,1176
629,1177
873,1177
1330,1177
1530,1177
629,1178
873,1178
1331,1178
1529,1178
359,1179
630,1179
873,1179
1330,1179
1529,1179
358,1180
630,1180
872,1180
1528,1180
358,1181
630,1181
866,1181
1528,1181
359,1182
631,1182
866,1182
1527,1182
359,1183
631,1183
1526,1183
359,1184
630,1184
862,1184
1525,1184
359,1185
630,1185
860,1185
1524,1185
359,1186
631,1186
859,1186
1523,1186
359,1187
631,1187
859,1187
359,1188
631,1188
858,1188
359,1189
631,1189
858,1189
360,1190
631,1190
857,1190
360,1191
857,1191
360,1192
857,1192
360,1193
857,1193
360,1194
634,1194
855,1194
361,1195
855,1195
361,1196
854,1196
1140,1196
361,1197
853,1197
1140,1197
851,1198
1140,1198
634,1199
1139,1199
635,1200
1138,1200
635,1201
1138,1201
635,1202
1137,1202
635,1203
1136,1203
408,1204
635,1204
1136,1204
409,1205
635,1205
1136,1205
1338,1205
411,1206
635,1206
1135,1206
1339,1206
410,1207
636,1207
1135,1207
1340,1207
1581,1207
385,1208
410,1208
635,1208
672,1208
1135,1208
1340,1208
1558,1208
1583,1208
384,1209
410,1209
636,1209
671,1209
1135,1209
1341,1209
1557,1209
1583,1209
385,1210
407,1210
636,1210
672,1210
1134,1210
1342,1210
1555,1210
1584,1210
396,1211
636,1211
672,1211
1134,1211
1342,1211
1361,1211
1556,1211
1584,1211
384,1212
408,1212
637,1212
671,1212
1134,1212
1343,1212
1352,1212
1360,1212
1569,1212
382,1213
408,1213
638,1213
671,1213
913,1213
919,1213
1130,1213
1342,1213
1359,1213
1556,1213
1582,1213
382,1214
408,1214
637,1214
671,1214
915,1214
1361,1214
1557,1214
1580,1214
382,1215
637,1215
671,1215
914,1215
1128,1215
1362,1215
1557,1215
1579,1215
382,1216
638,1216
671,1216
913,1216
1363,1216
1557,1216
383,1217
671,1217
912,1217
1363,1217
1559,1217
384,1218
671,1218
912,1218
1126,1218
1364,1218
670,1219
911,1219
1124,1219
1365,1219
671,1220
910,1220
1123,1220
1364,1220
671,1221
908,1221
1123,1221
670,1222
894,1222
902,1222
910,1222
1123,1222
671,1223
894,1223
1123,1223
671,1224
893,1224
1123,1224
670,1225
892,1225
1122,1225
670,1226
892,1226
1122,1226
671,1227
891,1227
1121,1227
890,1228
1121,1228
890,1229
1121,1229
889,1230
1120,1230
888,1231
1119,1231
670,1232
1119,1232
671,1233
1118,1233
1160,1233
1118,1234
1160,1234
451,1235
1160,1235
450,1236
1160,1236
448,1237
1160,1237
447,1238
670,1238
1161,1238
446,1239
671,1239
1161,1239
446,1240
670,1240
1161,1240
445,1241
670,1241
1161,1241
444,1242
670,1242
1161,1242
444,1243
670,1243
1161,1243
444,1244
670,1244
1161,1244
442,1245
669,1245
1162,1245
441,1246
670,1246
952,1246
1161,1246
441,1247
670,1247
951,1247
1162,1247
435,1248
442,1248
670,1248
951,1248
1162,1248
426,1249
434,1249
670,1249
949,1249
1162,1249
427,1250
669,1250
949,1250
1162,1250
426,1251
669,1251
947,1251
1161,1251
425,1252
669,1252
947,1252
424,1253
670,1253
714,1253
947,1253
424,1254
670,1254
714,1254
946,1254
424,1255
670,1255
713,1255
945,1255
1163,1255
423,1256
670,1256
713,1256
945,1256
422,1257
670,1257
712,1257
945,1257
422,1258
712,1258
944,1258
421,1259
712,1259
944,1259
419,1260
711,1260
944,1260
419,1261
711,1261
1166,1261
417,1262
711,1262
938,1262
1166,1262
711,1263
932,1263
1165,1263
710,1264
933,1264
1165,1264
711,1265
931,1265
1165,1265
710,1266
931,1266
1165,1266
711,1267
931,1267
1166,1267
709,1268
930,1268
1166,1268
930,1269
1166,1269
929,1270
1166,1270
708,1271
929,1271
1166,1271
929,1272
1166,1272
928,1273
1166,1273
706,1274
927,1274
1167,1274
705,1275
926,1275
1167,1275
705,1276
925,1276
1167,1276
705,1277
1167,1277
704,1278
1168,1278
704,1279
704,1280
704,1281
704,1282
704,1283
703,1284
703,1285
703,1286
702,1287
702,1288
701,1289
701,1290
742,1290
990,1290
741,1291
988,1291
741,1292
987,1292
1209,1292
742,1293
986,1293
1211,1293
742,1294
985,1294
1188,1294
1211,1294
742,1295
984,1295
1187,1295
1211,1295
742,1296
984,1296
1186,1296
1208,1296
742,1297
983,1297
1189,1297
1210,1297
742,1298
983,1298
1185,1298
1210,1298
743,1299
981,1299
1185,1299
1209,1299
743,1300
981,1300
1185,1300
1209,1300
743,1301
973,1301
982,1301
1185,1301
743,1302
965,1302
973,1302
1186,1302
743,1303
966,1303
1186,1303
232,1304
743,1304
965,1304
232,1305
743,1305
964,1305
234,1306
743,1306
964,1306
238,1307
963,1307
240,1308
963,1308
240,1309
962,1309
241,1310
961,1310
242,1311
494,1311
960,1311
242,1312
496,1312
960,1312
243,1313
497,1313
958,1313
243,1314
498,1314
244,1315
499,1315
746,1315
245,1316
500,1316
746,1316
1224,1316
245,1317
501,1317
745,1317
1225,1317
247,1318
501,1318
746,1318
1225,1318
249,1319
502,1319
746,1319
1225,1319
502,1320
746,1320
1226,1320
503,1321
746,1321
1227,1321
504,1322
746,1322
1005,1322
1226,1322
282,1323
503,1323
510,1323
746,1323
1005,1323
1227,1323
281,1324
512,1324
518,1324
747,1324
1005,1324
1228,1324
281,1325
517,1325
746,1325
1006,1325
1228,1325
280,1326
519,1326
747,1326
1005,1326
1228,1326
280,1327
519,1327
746,1327
1006,1327
1228,1327
279,1328
519,1328
748,1328
1006,1328
1228,1328
279,1329
520,1329
747,1329
1006,1329
1227,1329
278,1330
521,1330
747,1330
769,1330
1006,1330
1226,1330
277,1331
521,1331
748,1331
771,1331
1007,1331
277,1332
521,1332
771,1332
1006,1332
276,1333
523,1333
772,1333
1007,1333
276,1334
523,1334
772,1334
1007,1334
276,1335
525,1335
773,1335
1007,1335
276,1336
528,1336
773,1336
1007,1336
276,1337
773,1337
1007,1337
275,1338
774,1338
1007,1338
273,1339
775,1339
774,1340
775,1341
775,1342
271,1343
775,1343
776,1344
269,1345
534,1345
776,1345
267,1346
535,1346
776,1346
1010,1346
266,1347
536,1347
1011,1347
266,1348
536,1348
1011,1348
266,1349
538,1349
781,1349
1010,1349
266,1350
537,1350
1011,1350
265,1351
539,1351
782,1351
1010,1351
265,1352
539,1352
1011,1352
265,1353
540,1353
784,1353
1010,1353
264,1354
540,1354
786,1354
1011,1354
264,1355
541,1355
786,1355
1011,1355
263,1356
541,1356
786,1356
1011,1356
263,1357
541,1357
786,1357
1011,1357
262,1358
542,1358
786,1358
1012,1358
262,1359
542,1359
786,1359
1012,1359
262,1360
787,1360
1012,1360
261,1361
298,1361
548,1361
787,1361
1013,1361
298,1362
549,1362
787,1362
1012,1362
299,1363
788,1363
300,1364
553,1364
789,1364
300,1365
554,1365
789,1365
301,1366
554,1366
790,1366
302,1367
555,1367
791,1367
303,1368
555,1368
792,1368
303,1369
555,1369
792,1369
823,1369
1025,1369
303,1370
556,1370
823,1370
1026,1370
304,1371
556,1371
823,1371
1029,1371
304,1372
557,1372
822,1372
1030,1372
304,1373
558,1373
821,1373
1031,1373
304,1374
558,1374
822,1374
1031,1374
304,1375
559,1375
822,1375
1033,1375
560,1376
587,1376
821,1376
1033,1376
562,1377
587,1377
821,1377
1033,1377
312,1378
563,1378
587,1378
821,1378
1034,1378
311,1379
587,1379
820,1379
1034,1379
587,1380
820,1380
1035,1380
315,1381
587,1381
820,1381
1035,1381
315,1382
587,1382
820,1382
1035,1382
1043,1382
316,1383
587,1383
820,1383
1045,1383
1052,1383
316,1384
587,1384
819,1384
1052,1384
316,1385
586,1385
820,1385
1052,1385
317,1386
586,1386
1051,1386
317,1387
586,1387
1050,1387
317,1388
587,1388
1048,1388
318,1389
586,1389
318,1390
586,1390
319,1391
586,1391
816,1391
319,1392
586,1392
816,1392
321,1393
586,1393
814,1393
321,1394
348,1394
586,1394
814,1394
322,1395
348,1395
586,1395
814,1395
347,1396
814,1396
347,1397
814,1397
347,1398
814,1398
347,1399
587,1399
814,1399
347,1400
586,1400
814,1400
347,1401
813,1401
348,1402
813,1402
347,1403
813,1403
348,1404
585,1404
812,1404
348,1405
585,1405
812,1405
348,1406
585,1406
812,1406
348,1407
585,1407
811,1407
348,1408
585,1408
811,1408
348,1409
584,1409
348,1410
584,1410
349,1411
585,1411
584,1412
584,1413
585,1414
584,1415
835,1415
584,1416
836,1416
584,1417
838,1417
584,1418
840,1418
585,1419
841,1419
351,1420
584,1420
609,1420
841,1420
350,1421
584,1421
611,1421
842,1421
350,1422
584,1422
611,1422
843,1422
350,1423
584,1423
612,1423
843,1423
350,1424
584,1424
612,1424
843,1424
350,1425
613,1425
844,1425
350,1426
614,1426
844,1426
351,1427
614,1427
845,1427
350,1428
615,1428
844,1428
852,1428
351,1429
615,1429
853,1429
351,1430
615,1430
859,1430
351,1431
616,1431
860,1431
351,1432
616,1432
861,1432
351,1433
616,1433
861,1433
352,1434
616,1434
862,1434
351,1435
617,1435
863,1435
352,1436
863,1436
864,1437
623,1438
864,1438
865,1439
866,1440
627,1441
868,1441
372,1442
628,1442
869,1442
373,1443
629,1443
375,1444
629,1444
375,1445
629,1445
376,1446
630,1446
377,1447
629,1447
378,1448
630,1448
378,1449
630,1449
379,1450
631,1450
379,1451
631,1451
379,1452
387,1452
632,1452
379,1453
388,1453
633,1453
394,1454
633,1454
395,1455
635,1455
395,1456
636,1456
396,1457
396,1458
397,1459
398,1460
398,1461
646,1461
399,1462
646,1462
400,1463
647,1463
648,1464
648,1465
649,1466
650,1467
650,1468
651,1469
652,1470
651,1471
652,1472
653,1473
652,1474
653,1475
660,1479
664,1480
665,1481
665,1482
666,1483
666,1484
666,1485
666,1486
667,1487
667,1488
667,1489
669,1490
669,1491
670,1492
671,1493
672,1494
674,1495
449,1520
450,1521
451,1522
451,1523
452,1524
453,1525
453,1526
454,1527
457,1528
471,1528
454,1529
471,1529
455,1530
472,1530
473,1531
474,1532
475,1533
475,1534
476,1535
477,1536
477,1537
