2160*1622
1671,51
1670,52
1669,53
1669,54
1670,55
1671,56
1671,57
1672,58
1673,59
1673,60
1674,61
1687,67
1688,68
1688,69
1690,70
1691,71
1691,72
1692,73
1692,74
1693,75
1694,76
1694,77
1695,78
1695,79
1699,79
1701,80
1701,81
1710,81
1707,82
1699,83
1709,83
1710,84
1709,85
1710,86
1711,87
1711,88
1712,89
1713,90
1713,91
1714,92
1716,93
1717,94
1724,102
1726,103
1728,104
1728,105
1729,106
1730,107
1730,108
1731,109
1732,110
1732,111
1733,112
1734,113
1735,114
1741,115
1742,116
1750,116
1749,117
1751,118
1751,119
1751,120
1457,121
1751,121
1455,122
1753,122
1455,123
1753,123
1454,124
1753,124
1455,125
1755,125
1456,126
1755,126
1455,127
1757,127
1456,128
1758,128
1456,129
1760,129
1456,130
1476,130
1456,131
1479,131
1775,131
1457,132
1481,132
1776,132
1481,133
1776,133
1482,134
1777,134
1483,135
1777,135
1484,136
1778,136
1484,137
1778,137
1485,138
1778,138
1485,139
1778,139
1485,140
1779,140
1486,141
1779,141
1487,142
1779,142
1779,143
1492,144
1779,144
1494,145
1500,145
1779,145
1493,146
1500,146
1779,146
1500,147
1780,147
1501,148
1501,149
1501,150
1502,151
1503,152
1781,152
1503,153
1504,154
1784,154
1505,155
1785,155
1505,156
1785,156
1507,157
1786,157
1507,158
1786,158
1509,159
1786,159
1786,160
1786,161
1786,162
1787,163
1787,164
1787,165
1787,166
1788,167
1788,168
1548,169
1788,169
1833,169
1547,170
1789,170
1832,170
1548,171
1832,171
1546,172
1831,172
1545,173
1830,173
1545,174
1830,174
1544,175
1829,175
1544,176
1828,176
1526,177
1536,177
1543,177
1829,177
1526,178
1536,178
1543,178
1828,178
1525,179
1533,179
1828,179
1527,180
1828,180
1526,181
1827,181
1524,182
1827,182
1523,183
1826,183
1522,184
1826,184
1521,185
1822,185
1520,186
1519,187
1247,189
1819,189
1246,190
1815,190
1819,190
1245,191
1816,191
1245,192
1815,192
1246,193
1815,193
1246,194
1815,194
1247,195
1815,195
1248,196
1814,196
1249,197
1814,197
1249,198
1813,198
1250,199
1562,199
1813,199
1564,200
1813,200
1565,201
1811,201
1565,202
1812,202
1566,203
1810,203
1567,204
1809,204
1567,205
1808,205
1568,206
1808,206
1271,207
1569,207
1270,208
1569,208
1269,209
1291,209
1569,209
1269,210
1292,210
1570,210
1269,211
1292,211
1877,211
1270,212
1293,212
1876,212
1269,213
1290,213
1576,213
1875,213
1270,214
1294,214
1582,214
1875,214
1271,215
1294,215
1583,215
1873,215
1293,216
1583,216
1873,216
1293,217
1584,217
1873,217
1584,218
1872,218
1585,219
1872,219
1585,220
1871,220
1585,221
1869,221
1586,222
1863,222
1870,222
1587,223
1852,223
1860,223
1869,223
1588,224
1851,224
1860,224
1589,225
1853,225
1589,226
1613,226
1852,226
1613,227
1851,227
1613,228
1850,228
1613,229
1849,229
1614,230
1849,230
1614,231
1848,231
1614,232
1847,232
1615,233
1846,233
1341,234
1614,234
1844,234
1338,235
1615,235
1843,235
1338,236
1615,236
1338,237
1615,237
1336,238
1615,238
1336,239
1615,239
1336,240
1615,240
1335,241
1615,241
1334,242
1615,242
1333,243
1615,243
1315,244
1331,244
1314,245
1323,245
1333,245
1317,246
1316,247
1313,248
1313,249
1616,249
1312,250
1886,250
1312,251
1618,251
1885,251
1311,252
1618,252
1885,252
1310,253
1618,253
1887,253
1309,254
1619,254
1887,254
1307,255
1618,255
1888,255
1308,256
1619,256
1889,256
1619,257
1889,257
1619,258
1890,258
1619,259
1892,259
1908,259
1619,260
1890,260
1899,260
1907,260
1375,261
1619,261
1904,261
1022,262
1374,262
1619,262
1906,262
1021,263
1373,263
1619,263
1661,263
1896,263
1907,263
1019,264
1373,264
1619,264
1661,264
1907,264
1019,265
1372,265
1620,265
1661,265
1908,265
1019,266
1372,266
1620,266
1661,266
1908,266
1019,267
1372,267
1620,267
1661,267
1908,267
1019,268
1371,268
1620,268
1661,268
1909,268
1018,269
1371,269
1660,269
1910,269
1018,270
1371,270
1661,270
1912,270
1018,271
1371,271
1660,271
1018,272
1370,272
1660,272
1018,273
1370,273
1660,273
1017,274
1370,274
1660,274
1017,275
1369,275
1659,275
1017,276
1659,276
1017,277
1659,277
1017,278
1366,278
1659,278
1078,279
1079,280
1080,281
1364,281
1079,282
1362,282
1656,282
1055,283
1079,283
1362,283
1055,284
1079,284
1361,284
1656,284
1054,285
1076,285
1362,285
1054,286
1074,286
1361,286
1654,286
1054,287
1065,287
1077,287
1361,287
1655,287
1053,288
1075,288
1361,288
1655,288
1052,289
1360,289
1655,289
1052,290
1360,290
1655,290
1052,291
1359,291
1655,291
1052,292
1359,292
1655,292
1358,293
1654,293
1358,294
1654,294
1357,295
1654,295
1356,296
1653,296
1653,297
1653,298
1653,299
1652,300
1652,301
1652,302
1122,309
1123,310
1121,311
1121,312
1709,312
1120,313
1708,313
1119,314
1709,314
1119,315
1685,315
1710,315
1100,316
1111,316
1118,316
1685,316
1710,316
1101,317
1109,317
1118,317
1684,317
1709,317
1102,318
1685,318
1707,318
1100,319
1685,319
1709,319
1099,320
1682,320
1709,320
1098,321
1684,321
1707,321
1098,322
1683,322
1708,322
1097,323
1684,323
1097,324
1684,324
1096,325
1149,325
1149,326
1149,327
1150,328
1150,329
1150,330
1151,331
1150,332
1151,333
1151,334
1151,335
1151,336
1151,337
1151,338
1721,338
1151,339
1723,339
1151,340
1724,340
1151,341
1725,341
854,342
1152,342
1726,342
855,343
1151,343
1727,343
854,344
1727,344
853,345
1728,345
853,346
1729,346
852,347
1729,347
852,348
1153,348
1729,348
852,349
1729,349
851,350
1730,350
851,351
1730,351
851,352
1154,352
1731,352
851,353
1154,353
850,354
1155,354
850,355
1155,355
851,356
1155,356
1743,356
850,357
1155,357
1196,357
1741,357
850,358
1155,358
1196,358
1743,358
850,359
1155,359
1195,359
1743,359
849,360
1155,360
1195,360
1744,360
1155,361
1196,361
1744,361
1155,362
1196,362
1744,362
1156,363
1196,363
1745,363
1156,364
1196,364
1745,364
1156,365
1196,365
1746,365
1156,366
1196,366
1747,366
847,367
1156,367
1196,367
1506,367
1747,367
1156,368
1196,368
1505,368
1748,368
844,369
1157,369
1196,369
1503,369
1748,369
843,370
1157,370
1196,370
1503,370
1750,370
843,371
1157,371
1196,371
1501,371
1750,371
843,372
1195,372
1500,372
843,373
1195,373
1500,373
843,374
1196,374
1500,374
843,375
1195,375
1499,375
842,376
1499,376
842,377
1498,377
842,378
1497,378
841,379
875,379
1497,379
841,380
875,380
1196,380
1490,380
841,381
878,381
1196,381
1485,381
1789,381
841,382
878,382
1484,382
1788,382
840,383
879,383
1196,383
1483,383
1787,383
840,384
880,384
1482,384
1787,384
840,385
880,385
1196,385
1482,385
1786,385
840,386
881,386
1196,386
1481,386
1785,386
839,387
881,387
1197,387
1480,387
1784,387
882,388
1196,388
1480,388
1784,388
883,389
1196,389
1479,389
1783,389
883,390
1197,390
1477,390
1781,390
884,391
1196,391
1247,391
1476,391
1767,391
1774,391
1783,391
883,392
1197,392
1246,392
1475,392
1767,392
1774,392
891,393
1196,393
1245,393
1767,393
892,394
901,394
1197,394
1246,394
1766,394
898,395
1197,395
1244,395
1766,395
898,396
1196,396
1244,396
1765,396
901,397
1197,397
1244,397
1764,397
901,398
1197,398
1244,398
1547,398
1763,398
901,399
1197,399
1244,399
1545,399
1763,399
902,400
1197,400
1243,400
1544,400
1760,400
902,401
1197,401
1243,401
1543,401
904,402
938,402
1196,402
1243,402
1542,402
904,403
938,403
1196,403
1242,403
1541,403
904,404
938,404
1243,404
1541,404
906,405
938,405
1242,405
1541,405
1818,405
906,406
937,406
1242,406
1540,406
1818,406
909,407
938,407
1242,407
1540,407
1817,407
909,408
937,408
1241,408
1539,408
1817,408
937,409
1539,409
1817,409
936,410
1538,410
1817,410
937,411
1538,411
1817,411
937,412
1538,412
1817,412
937,413
1817,413
937,414
1531,414
1817,414
937,415
1531,415
1817,415
937,416
1237,416
1816,416
937,417
1235,417
1526,417
1816,417
937,418
1235,418
1525,418
1817,418
937,419
1235,419
1523,419
1817,419
1235,420
1523,420
1816,420
1235,421
1524,421
1815,421
1235,422
1523,422
1816,422
1235,423
1522,423
1816,423
1234,424
1522,424
1814,424
1234,425
1522,425
1234,426
1521,426
936,427
1233,427
1520,427
1814,427
936,428
1233,428
1520,428
1814,428
936,429
1233,429
1518,429
633,430
936,430
1233,430
1518,430
632,431
936,431
1232,431
1516,431
631,432
635,432
936,432
1231,432
1515,432
1813,432
630,433
635,433
936,433
1231,433
1559,433
1812,433
632,434
936,434
1230,434
1560,434
1812,434
631,435
936,435
1561,435
1813,435
630,436
935,436
1562,436
1813,436
630,437
935,437
1563,437
1813,437
630,438
936,438
1563,438
1813,438
629,439
935,439
1291,439
1564,439
1812,439
629,440
935,440
1294,440
1565,440
1812,440
629,441
936,441
967,441
1294,441
1565,441
1812,441
629,442
935,442
968,442
1272,442
1294,442
1565,442
1812,442
628,443
935,443
970,443
1271,443
1294,443
1566,443
1811,443
628,444
935,444
970,444
1270,444
1294,444
1566,444
1811,444
1863,444
628,445
971,445
1270,445
1290,445
1566,445
1812,445
1863,445
627,446
972,446
1271,446
1292,446
1566,446
1811,446
1862,446
972,447
1268,447
1292,447
1568,447
1811,447
1862,447
624,448
973,448
1268,448
1292,448
1811,448
1861,448
973,449
1268,449
1810,449
1861,449
623,450
974,450
1267,450
1810,450
1861,450
625,451
975,451
1271,451
1572,451
1860,451
974,452
1569,452
1577,452
1860,452
620,453
980,453
1577,453
1859,453
618,454
1578,454
1859,454
619,455
986,455
1578,455
1859,455
618,456
986,456
1578,456
1859,456
618,457
988,457
1578,457
1858,457
618,458
989,458
1579,458
1858,458
618,459
989,459
1580,459
1858,459
617,460
989,460
1580,460
1857,460
617,461
989,461
1311,461
1580,461
1857,461
616,462
991,462
1312,462
1581,462
616,463
992,463
1015,463
1313,463
1582,463
1853,463
616,464
992,464
1015,464
1314,464
1583,464
615,465
993,465
1015,465
1314,465
1584,465
615,466
655,466
995,466
1016,466
1315,466
1584,466
614,467
655,467
1017,467
1316,467
1851,467
613,468
656,468
1017,468
1316,468
1849,468
613,469
656,469
1017,469
1316,469
1849,469
612,470
657,470
1018,470
1317,470
1848,470
658,471
1018,471
1317,471
1848,471
658,472
1019,472
1317,472
1848,472
659,473
1019,473
1318,473
1848,473
660,474
1019,474
1319,474
1848,474
661,475
678,475
1020,475
1318,475
1848,475
661,476
669,476
680,476
1019,476
1318,476
1847,476
660,477
677,477
1020,477
1625,477
1847,477
678,478
1020,478
1322,478
1625,478
1846,478
680,479
1020,479
1323,479
1626,479
1846,479
682,480
1020,480
1323,480
1625,480
1845,480
681,481
1623,481
1844,481
682,482
1328,482
1623,482
1844,482
683,483
1328,483
1623,483
1843,483
684,484
1024,484
1329,484
1602,484
1620,484
1842,484
685,485
1328,485
1601,485
1619,485
1842,485
687,486
1025,486
1329,486
1604,486
1621,486
1027,487
1329,487
1602,487
1621,487
1029,488
1329,488
1601,488
1029,489
1330,489
1599,489
1029,490
1330,490
1599,490
1030,491
1331,491
1598,491
1878,491
1029,492
1331,492
1598,492
1879,492
1030,493
1332,493
1597,493
1880,493
1030,494
1333,494
1595,494
1881,494
1030,495
1066,495
1334,495
1881,495
301,496
1031,496
1066,496
1334,496
1882,496
302,497
704,497
1031,497
1067,497
1883,497
703,498
1031,498
1067,498
1883,498
702,499
1032,499
1066,499
1884,499
302,500
702,500
727,500
1032,500
1067,500
1885,500
302,501
702,501
726,501
1033,501
1067,501
1646,501
1885,501
1890,501
302,502
703,502
727,502
1033,502
1067,502
1646,502
1890,502
1899,502
302,503
705,503
727,503
1034,503
1067,503
1647,503
1892,503
1900,503
302,504
717,504
1034,504
1067,504
1647,504
1889,504
1899,504
302,505
332,505
705,505
717,505
729,505
1034,505
1067,505
1648,505
1900,505
303,506
334,506
705,506
729,506
1067,506
1647,506
1901,506
302,507
334,507
730,507
1067,507
1648,507
1901,507
302,508
335,508
730,508
1067,508
1649,508
1901,508
303,509
336,509
730,509
1067,509
1648,509
1902,509
303,510
336,510
729,510
1067,510
1649,510
1903,510
304,511
338,511
1067,511
1649,511
1904,511
304,512
338,512
1649,512
1905,512
304,513
338,513
1649,513
1906,513
305,514
339,514
1649,514
305,515
339,515
752,515
1649,515
305,516
341,516
752,516
1649,516
305,517
340,517
348,517
752,517
1649,517
1930,517
340,518
349,518
753,518
1650,518
1930,518
350,519
357,519
754,519
1930,519
356,520
755,520
1069,520
1930,520
358,521
755,521
1069,521
1651,521
1930,521
358,522
755,522
1069,522
1930,522
359,523
756,523
1069,523
1930,523
360,524
756,524
1069,524
1111,524
1652,524
1930,524
360,525
385,525
756,525
1069,525
1111,525
1654,525
1930,525
360,526
385,526
757,526
1069,526
1111,526
1654,526
1930,526
362,527
387,527
757,527
1069,527
1111,527
1654,527
1930,527
362,528
387,528
757,528
1069,528
1111,528
1654,528
1930,528
364,529
387,529
758,529
1069,529
1111,529
1654,529
1930,529
365,530
388,530
1069,530
1111,530
1654,530
1930,530
368,531
389,531
761,531
1069,531
1111,531
1655,531
1930,531
389,532
761,532
1069,532
1111,532
1655,532
1930,532
389,533
762,533
1070,533
1111,533
1655,533
1930,533
390,534
1070,534
1111,534
1655,534
1930,534
390,535
765,535
1069,535
1111,535
1655,535
1929,535
391,536
766,536
1111,536
1655,536
391,537
766,537
1111,537
1655,537
392,538
766,538
1111,538
1656,538
394,539
767,539
1111,539
1391,539
1656,539
1683,539
767,540
816,540
1111,540
1390,540
1656,540
1683,540
1928,540
767,541
816,541
1111,541
1390,541
1657,541
1684,541
397,542
767,542
816,542
1111,542
1391,542
1656,542
1684,542
399,543
768,543
814,543
1392,543
1685,543
401,544
768,544
814,544
1392,544
1685,544
1928,544
402,545
769,545
814,545
1393,545
1416,545
1686,545
1929,545
401,546
770,546
813,546
1395,546
1416,546
1686,546
1929,546
402,547
770,547
812,547
1398,547
1416,547
1687,547
1928,547
401,548
771,548
812,548
1394,548
1416,548
1687,548
1928,548
402,549
771,549
812,549
1396,549
1404,549
1417,549
1687,549
1928,549
403,550
772,550
812,550
1419,550
1687,550
1929,550
403,551
461,551
811,551
1419,551
1687,551
1929,551
404,552
459,552
811,552
1111,552
1419,552
1687,552
1928,552
404,553
458,553
811,553
1111,553
1420,553
1687,553
1929,553
406,554
456,554
811,554
1110,554
1420,554
1688,554
1929,554
406,555
456,555
811,555
1111,555
1421,555
1928,555
407,556
455,556
810,556
1111,556
1928,556
408,557
455,557
809,557
1111,557
1928,557
454,558
1111,558
1690,558
1928,558
453,559
1111,559
1928,559
453,560
1111,560
1447,560
1687,560
1691,560
1928,560
452,561
807,561
1111,561
1447,561
1692,561
1928,561
1952,561
452,562
807,562
1111,562
1164,562
1447,562
1693,562
1928,562
1953,562
452,563
1111,563
1163,563
1447,563
1694,563
1927,563
1955,563
451,564
804,564
1111,564
1162,564
1447,564
1694,564
1955,564
445,565
803,565
1111,565
1162,565
1447,565
1694,565
1957,565
802,566
1111,566
1161,566
1447,566
1694,566
1957,566
437,567
447,567
802,567
1110,567
1161,567
1447,567
1695,567
1957,567
438,568
802,568
845,568
1110,568
1161,568
1447,568
1695,568
1958,568
437,569
802,569
844,569
1111,569
1160,569
1447,569
1695,569
1959,569
436,570
801,570
845,570
1111,570
1159,570
1446,570
1695,570
1959,570
436,571
489,571
801,571
845,571
1111,571
1159,571
1447,571
1696,571
1959,571
435,572
489,572
801,572
845,572
1159,572
1447,572
1696,572
1960,572
435,573
489,573
800,573
845,573
1159,573
1446,573
1696,573
1960,573
435,574
489,574
800,574
846,574
1159,574
1447,574
1697,574
1731,574
1960,574
434,575
489,575
800,575
847,575
1158,575
1447,575
1697,575
1730,575
1961,575
433,576
489,576
800,576
846,576
1158,576
1447,576
1698,576
1730,576
1964,576
433,577
490,577
799,577
847,577
1156,577
1446,577
1697,577
1730,577
431,578
490,578
798,578
847,578
1730,578
430,579
490,579
799,579
847,579
1731,579
1966,579
430,580
490,580
798,580
848,580
1153,580
1730,580
1973,580
428,581
489,581
797,581
847,581
1153,581
1730,581
1973,581
490,582
848,582
1730,582
1974,582
56,583
490,583
848,583
1149,583
1730,583
1974,583
57,584
490,584
847,584
1150,584
1731,584
1974,584
57,585
490,585
848,585
1149,585
1730,585
1975,585
58,586
490,586
848,586
1149,586
1446,586
1731,586
1975,586
58,587
491,587
1148,587
1446,587
1730,587
1975,587
58,588
1148,588
1446,588
1731,588
1976,588
59,589
1148,589
1446,589
1730,589
1976,589
60,590
851,590
1148,590
1446,590
1730,590
1977,590
60,591
851,591
1147,591
1446,591
1978,591
60,592
494,592
1146,592
1446,592
1979,592
61,593
1146,593
1446,593
1979,593
61,594
853,594
1145,594
1446,594
1980,594
61,595
493,595
853,595
1144,595
1446,595
1981,595
2006,595
62,596
493,596
854,596
1144,596
1446,596
1729,596
2007,596
62,597
492,597
856,597
1143,597
1445,597
2007,597
63,598
492,598
855,598
1445,598
2007,598
492,599
855,599
1445,599
2006,599
492,600
855,600
1446,600
1730,600
2007,600
67,601
493,601
855,601
1445,601
1730,601
2007,601
68,602
493,602
855,602
1445,602
1730,602
2007,602
493,603
528,603
855,603
1208,603
1445,603
1730,603
2006,603
70,604
493,604
527,604
856,604
1210,604
1445,604
1730,604
2007,604
70,605
493,605
528,605
855,605
881,605
1208,605
1445,605
1503,605
1730,605
2007,605
71,606
493,606
529,606
856,606
882,606
1208,606
1500,606
1730,606
2006,606
71,607
494,607
529,607
856,607
883,607
1207,607
1498,607
1730,607
2006,607
71,608
97,608
102,608
494,608
530,608
857,608
884,608
1207,608
1498,608
1729,608
2006,608
71,609
101,609
494,609
531,609
858,609
885,609
1206,609
1499,609
1729,609
2006,609
71,610
102,610
494,610
531,610
857,610
886,610
1205,610
1498,610
1729,610
2006,610
72,611
103,611
342,611
495,611
532,611
858,611
887,611
1205,611
1497,611
1729,611
1771,611
2006,611
72,612
103,612
532,612
859,612
887,612
1188,612
1197,612
1205,612
1497,612
1729,612
1771,612
2006,612
73,613
105,613
532,613
858,613
887,613
1187,613
1195,613
1205,613
1496,613
1730,613
1771,613
73,614
105,614
532,614
888,614
1189,614
1496,614
1729,614
1771,614
74,615
105,615
534,615
889,615
1186,615
1494,615
1728,615
1771,615
75,616
106,616
888,616
1186,616
1494,616
1771,616
76,617
106,617
539,617
889,617
1185,617
1477,617
1486,617
1496,617
1770,617
2004,617
77,618
107,618
540,618
889,618
1185,618
1477,618
1485,618
1771,618
2001,618
109,619
544,619
1184,619
1478,619
1771,619
108,620
116,620
363,620
545,620
895,620
1183,620
1478,620
1771,620
117,621
126,621
360,621
544,621
896,621
1182,621
1477,621
1770,621
2004,621
124,622
360,622
545,622
897,622
1180,622
1477,622
1770,622
2003,622
125,623
546,623
901,623
1478,623
1770,623
2004,623
126,624
546,624
902,624
1475,624
1770,624
2004,624
127,625
363,625
546,625
903,625
1475,625
1769,625
2004,625
128,626
547,626
595,626
903,626
1474,626
1770,626
2004,626
128,627
548,627
594,627
903,627
1472,627
1769,627
2003,627
129,628
548,628
593,628
904,628
1472,628
1769,628
2004,628
129,629
549,629
593,629
904,629
1471,629
2003,629
130,630
149,630
550,630
592,630
904,630
2003,630
132,631
150,631
552,631
592,631
906,631
2003,631
132,632
151,632
553,632
591,632
906,632
1767,632
2003,632
136,633
151,633
590,633
907,633
1767,633
2003,633
152,634
590,634
908,634
2002,634
153,635
590,635
909,635
2002,635
154,636
589,636
911,636
1767,636
2002,636
154,637
590,637
926,637
1766,637
2001,637
155,638
589,638
927,638
1250,638
1767,638
156,639
589,639
928,639
1251,639
1767,639
155,640
165,640
175,640
589,640
929,640
1250,640
1543,640
1767,640
156,641
166,641
175,641
587,641
930,641
1250,641
1543,641
1766,641
173,642
930,642
1250,642
1541,642
1766,642
175,643
931,643
1248,643
1540,643
1767,643
176,644
585,644
932,644
1248,644
1539,644
1766,644
176,645
932,645
1229,645
1246,645
1539,645
1766,645
178,646
932,646
1229,646
1238,646
1247,646
1538,646
1766,646
178,647
581,647
933,647
1230,647
1246,647
1536,647
1765,647
179,648
201,648
581,648
933,648
1227,648
1537,648
1765,648
179,649
202,649
580,649
934,649
1227,649
1536,649
1765,649
180,650
203,650
580,650
1226,650
1535,650
1765,650
181,651
204,651
580,651
939,651
1226,651
1535,651
1765,651
183,652
204,652
579,652
1226,652
1527,652
1535,652
1764,652
205,653
580,653
944,653
1224,653
1518,653
1764,653
206,654
579,654
945,654
1222,654
1517,654
1524,654
1764,654
206,655
579,655
946,655
1518,655
207,656
578,656
946,656
1516,656
207,657
578,657
946,657
1516,657
2035,657
207,658
578,658
947,658
1516,658
2034,658
208,659
577,659
947,659
1515,659
2034,659
209,660
576,660
614,660
948,660
1515,660
2034,660
208,661
576,661
616,661
949,661
1514,661
2033,661
215,662
618,662
949,662
1513,662
1792,662
2033,662
216,663
618,663
950,663
1513,663
1792,663
2032,663
219,664
619,664
951,664
1511,664
1567,664
1791,664
2032,664
221,665
620,665
952,665
1510,665
1568,665
1791,665
2031,665
221,666
621,666
953,666
1507,666
1567,666
1792,666
1818,666
2030,666
222,667
621,667
1567,667
1792,667
1817,667
2028,667
222,668
621,668
1567,668
1792,668
1818,668
2028,668
223,669
622,669
1567,669
1797,669
1818,669
2027,669
222,670
625,670
1567,670
1795,670
1816,670
223,671
623,671
631,671
638,671
1567,671
1797,671
1820,671
224,672
632,672
639,672
1567,672
1796,672
1820,672
224,673
639,673
1567,673
1820,673
225,674
640,674
969,674
1567,674
1821,674
226,675
640,675
968,675
1567,675
1821,675
228,676
641,676
968,676
1567,676
1820,676
228,677
642,677
969,677
1567,677
229,678
274,678
642,678
666,678
970,678
1567,678
277,679
643,679
665,679
970,679
1567,679
277,680
644,680
667,680
971,680
1567,680
277,681
645,681
667,681
972,681
993,681
1567,681
252,682
278,682
647,682
667,682
975,682
993,682
1567,682
251,683
277,683
668,683
973,683
984,683
994,683
1566,683
252,684
275,684
669,684
973,684
993,684
1567,684
252,685
272,685
669,685
994,685
253,686
273,686
487,686
669,686
996,686
250,687
273,687
669,687
996,687
250,688
273,688
479,688
670,688
997,688
249,689
670,689
998,689
1565,689
250,690
670,690
998,690
1565,690
250,691
670,691
999,691
251,692
671,692
671,693
671,694
1566,694
672,695
1565,695
1021,696
1566,696
1020,697
1565,697
1830,697
676,698
1020,698
1566,698
1831,698
1021,699
1566,699
1832,699
676,700
1021,700
1565,700
1832,700
298,701
677,701
1022,701
1566,701
1833,701
297,702
1022,702
1566,702
1834,702
298,703
680,703
1022,703
1566,703
1834,703
298,704
681,704
1023,704
1305,704
1566,704
1835,704
300,705
681,705
1023,705
1306,705
1565,705
1836,705
300,706
681,706
1023,706
1307,706
1565,706
1838,706
301,707
321,707
682,707
1022,707
1308,707
1565,707
1836,707
1844,707
1852,707
303,708
321,708
682,708
1023,708
1309,708
1565,708
1843,708
1853,708
302,709
319,709
682,709
1023,709
1309,709
1565,709
1853,709
301,710
321,710
682,710
1024,710
1310,710
1565,710
1854,710
323,711
358,711
683,711
1024,711
1310,711
1564,711
1855,711
323,712
358,712
683,712
1311,712
1564,712
1855,712
323,713
358,713
683,713
1313,713
1564,713
1855,713
325,714
358,714
684,714
1311,714
1319,714
1329,714
1620,714
1856,714
324,715
358,715
684,715
1026,715
1321,715
1329,715
1619,715
1856,715
359,716
685,716
1329,716
1617,716
1858,716
359,717
685,717
740,717
1330,717
1617,717
1859,717
358,718
686,718
737,718
1028,718
1330,718
1616,718
358,719
687,719
735,719
1028,719
1331,719
1616,719
358,720
688,720
736,720
1029,720
1332,720
1615,720
358,721
734,721
1029,721
1332,721
1614,721
358,722
733,722
1028,722
1333,722
1615,722
358,723
733,723
1029,723
1333,723
1613,723
358,724
732,724
1029,724
1334,724
1606,724
1613,724
359,725
731,725
1029,725
1337,725
1613,725
358,726
731,726
1030,726
1597,726
1604,726
359,727
723,727
730,727
1030,727
1598,727
358,728
713,728
731,728
1030,728
1597,728
712,729
721,729
1030,729
1596,729
712,730
1031,730
1596,730
711,731
1031,731
1595,731
359,732
711,732
1031,732
1595,732
360,733
711,733
1032,733
1594,733
1865,733
361,734
710,734
1032,734
1593,734
1867,734
709,735
1592,735
1869,735
709,736
1591,736
1869,736
707,737
755,737
1590,737
1870,737
359,738
707,738
756,738
1346,738
1871,738
359,739
419,739
705,739
756,739
1348,739
1871,739
359,740
418,740
757,740
1349,740
1872,740
360,741
417,741
757,741
1350,741
1873,741
359,742
416,742
758,742
1350,742
1874,742
359,743
415,743
759,743
1351,743
1874,743
359,744
415,744
759,744
1351,744
1876,744
359,745
413,745
759,745
1265,745
1352,745
1875,745
1882,745
1892,745
359,746
414,746
760,746
1266,746
1353,746
1883,746
1891,746
359,747
413,747
760,747
1354,747
1890,747
359,748
412,748
760,748
1354,748
1891,748
360,749
412,749
761,749
1355,749
1360,749
1892,749
359,750
412,750
761,750
1362,750
1369,750
1629,750
1892,750
360,751
412,751
761,751
1369,751
1631,751
1893,751
361,752
411,752
761,752
1369,752
1632,752
1893,752
360,753
411,753
761,753
1370,753
1634,753
1894,753
360,754
412,754
762,754
1370,754
1634,754
1895,754
411,755
1371,755
1635,755
1896,755
1372,756
1635,756
1896,756
766,757
1372,757
1636,757
1900,757
767,758
1373,758
1637,758
408,759
1284,759
1373,759
1637,759
1376,760
1637,760
403,761
769,761
1376,761
1637,761
1643,761
401,762
771,762
1644,762
400,763
771,763
1642,763
1649,763
400,764
772,764
1651,764
400,765
772,765
1097,765
1652,765
400,766
771,766
1098,766
1653,766
400,767
772,767
802,767
1099,767
1653,767
399,768
772,768
802,768
1102,768
1653,768
399,769
772,769
803,769
1102,769
1654,769
1935,769
398,770
773,770
804,770
1103,770
1654,770
1934,770
398,771
773,771
804,771
1103,771
1655,771
1934,771
397,772
774,772
804,772
1102,772
1656,772
1932,772
397,773
774,773
805,773
1102,773
1657,773
1931,773
396,774
775,774
805,774
1102,774
1659,774
1931,774
396,775
775,775
805,775
1103,775
1930,775
395,776
776,776
806,776
1104,776
1416,776
1930,776
395,777
467,777
777,777
806,777
1104,777
1415,777
1930,777
466,778
777,778
806,778
1105,778
1415,778
1928,778
467,779
778,779
806,779
1414,779
1671,779
1928,779
466,780
806,780
1414,780
1672,780
1928,780
465,781
806,781
1413,781
1672,781
1927,781
464,782
807,782
1116,782
1412,782
1673,782
1927,782
445,783
463,783
807,783
1117,783
1392,783
1411,783
1674,783
1920,783
444,784
454,784
463,784
807,784
1118,784
1392,784
1402,784
1411,784
1675,784
446,785
462,785
1119,785
1394,785
1411,785
1675,785
1914,785
444,786
462,786
1119,786
1391,786
1411,786
1676,786
1913,786
442,787
1119,787
1390,787
1676,787
1912,787
442,788
1119,788
1390,788
1677,788
1912,788
442,789
1120,789
1389,789
1677,789
1911,789
441,790
811,790
1121,790
1388,790
1677,790
1911,790
91,791
441,791
812,791
1121,791
1387,791
1678,791
1910,791
91,792
495,792
813,792
1122,792
1387,792
1677,792
1910,792
89,793
495,793
814,793
1122,793
1386,793
1678,793
1909,793
90,794
495,794
814,794
1123,794
1678,794
1908,794
88,795
495,795
814,795
1124,795
1678,795
1907,795
88,796
496,796
814,796
1680,796
1906,796
87,797
496,797
814,797
1905,797
87,798
496,798
814,798
1904,798
86,799
496,799
815,799
839,799
86,800
496,800
815,800
839,800
1682,800
86,801
497,801
815,801
840,801
85,802
497,802
815,802
842,802
1685,802
85,803
497,803
816,803
843,803
1687,803
86,804
497,804
816,804
844,804
1688,804
84,805
498,805
817,805
844,805
1429,805
1688,805
1963,805
82,806
497,806
817,806
845,806
1430,806
1688,806
1963,806
498,807
818,807
845,807
1139,807
1430,807
1688,807
1963,807
818,808
845,808
1139,808
1432,808
1689,808
1963,808
85,809
819,809
846,809
1139,809
1432,809
1689,809
1963,809
79,810
500,810
846,810
1139,810
1433,810
1689,810
1963,810
77,811
502,811
846,811
1140,811
1163,811
1434,811
1689,811
1962,811
75,812
501,812
847,812
1140,812
1163,812
1434,812
1690,812
1961,812
75,813
847,813
1144,813
1163,813
1434,813
1690,813
1715,813
1961,813
76,814
143,814
848,814
1141,814
1163,814
1435,814
1691,814
1715,814
1961,814
75,815
143,815
502,815
848,815
1143,815
1165,815
1435,815
1692,815
1715,815
1961,815
76,816
142,816
502,816
848,816
1143,816
1165,816
1435,816
1691,816
1716,816
1961,816
76,817
140,817
502,817
1167,817
1436,817
1693,817
1715,817
1961,817
76,818
140,818
502,818
854,818
1167,818
1437,818
1693,818
1716,818
1960,818
76,819
139,819
502,819
855,819
1167,819
1694,819
1717,819
1958,819
76,820
138,820
502,820
1166,820
1441,820
1717,820
75,821
138,821
502,821
856,821
1441,821
1717,821
138,822
503,822
861,822
1718,822
1956,822
137,823
503,823
861,823
1447,823
1717,823
137,824
503,824
861,824
1447,824
1718,824
137,825
503,825
861,825
1448,825
1718,825
136,826
503,826
862,826
1448,826
1718,826
1952,826
136,827
504,827
862,827
1448,827
1719,827
1951,827
504,828
862,828
1449,828
1718,828
1953,828
505,829
862,829
1449,829
1718,829
1953,829
505,830
863,830
1449,830
1718,830
1953,830
863,831
1450,831
1718,831
1953,831
123,832
128,832
532,832
864,832
1451,832
1719,832
1949,832
1954,832
124,833
532,833
865,833
1451,833
1948,833
123,834
531,834
866,834
1162,834
1453,834
123,835
167,835
531,835
555,835
867,835
1454,835
1949,835
122,836
167,836
532,836
557,836
868,836
1160,836
1454,836
1949,836
122,837
168,837
533,837
557,837
869,837
1721,837
121,838
169,838
536,838
557,838
869,838
121,839
169,839
534,839
557,839
1179,839
120,840
170,840
534,840
559,840
912,840
1181,840
1993,840
120,841
170,841
535,841
560,841
910,841
1181,841
1723,841
1994,841
120,842
171,842
560,842
909,842
1182,842
1723,842
1994,842
118,843
171,843
560,843
908,843
1182,843
1724,843
1994,843
118,844
172,844
559,844
908,844
1172,844
1183,844
1724,844
1994,844
117,845
172,845
558,845
907,845
1184,845
1724,845
1994,845
117,846
172,846
906,846
1185,846
1203,846
1724,846
1994,846
173,847
907,847
1185,847
1194,847
1203,847
1724,847
1994,847
173,848
905,848
1185,848
1203,848
1724,848
1994,848
174,849
898,849
905,849
1203,849
1725,849
1994,849
890,850
898,850
905,850
1205,850
1725,850
1994,850
891,851
1205,851
1725,851
1994,851
179,852
603,852
890,852
1206,852
1725,852
1994,852
181,853
603,853
889,853
1207,853
1725,853
1994,853
601,854
889,854
1207,854
1725,854
1994,854
601,855
888,855
1208,855
1726,855
1994,855
183,856
600,856
888,856
1209,856
1726,856
1994,856
184,857
599,857
887,857
1726,857
1746,857
1993,857
184,858
213,858
598,858
886,858
1726,858
1747,858
184,859
213,859
598,859
885,859
1237,859
1727,859
1747,859
185,860
214,860
598,860
884,860
1237,860
1726,860
1749,860
185,861
215,861
598,861
1237,861
1750,861
185,862
215,862
598,862
1237,862
1750,862
186,863
216,863
597,863
1237,863
1751,863
186,864
217,864
597,864
1237,864
1751,864
187,865
217,865
1237,865
1752,865
187,866
218,866
1237,866
1752,866
1992,866
189,867
218,867
593,867
928,867
1236,867
1753,867
1992,867
189,868
218,868
930,868
1237,868
1753,868
1993,868
190,869
219,869
586,869
930,869
1237,869
1753,869
1993,869
192,870
220,870
584,870
930,870
1236,870
1753,870
1993,870
219,871
585,871
932,871
1236,871
1754,871
1993,871
220,872
585,872
932,872
1236,872
1755,872
1993,872
221,873
584,873
932,873
1236,873
1512,873
1993,873
584,874
933,874
1236,874
1512,874
1759,874
1993,874
583,875
625,875
934,875
1236,875
1512,875
1759,875
1993,875
227,876
582,876
626,876
934,876
1236,876
1513,876
1761,876
1992,876
229,877
582,877
627,877
934,877
1235,877
1514,877
1765,877
1992,877
581,878
627,878
935,878
1235,878
1514,878
1765,878
1992,878
232,879
580,879
627,879
935,879
1515,879
1766,879
1992,879
233,880
580,880
628,880
935,880
1515,880
1766,880
1992,880
234,881
578,881
628,881
940,881
1515,881
1767,881
1992,881
233,882
629,882
941,882
1235,882
1516,882
1767,882
1991,882
234,883
630,883
1516,883
1767,883
234,884
629,884
945,884
1516,884
1768,884
234,885
630,885
947,885
1516,885
1768,885
235,886
630,886
947,886
1235,886
1517,886
1768,886
235,887
630,887
947,887
1234,887
1517,887
1769,887
236,888
631,888
948,888
1234,888
1517,888
1770,888
237,889
631,889
948,889
1234,889
1518,889
1770,889
238,890
631,890
948,890
983,890
1234,890
1772,890
238,891
632,891
949,891
983,891
1234,891
1772,891
239,892
632,892
950,892
983,892
1235,892
240,893
260,893
950,893
983,893
1234,893
241,894
260,894
951,894
983,894
1234,894
261,895
637,895
952,895
983,895
1234,895
262,896
637,896
952,896
983,896
1234,896
1523,896
262,897
983,897
1233,897
1524,897
263,898
984,898
1233,898
1524,898
264,899
284,899
641,899
983,899
1234,899
1524,899
264,900
274,900
284,900
640,900
983,900
1233,900
1524,900
265,901
283,901
641,901
983,901
1234,901
1524,901
265,902
285,902
642,902
983,902
1234,902
1525,902
286,903
642,903
983,903
1233,903
1525,903
287,904
642,904
983,904
1233,904
1525,904
288,905
642,905
983,905
1525,905
288,906
316,906
642,906
983,906
1526,906
289,907
316,907
642,907
983,907
1526,907
287,908
316,908
643,908
983,908
1527,908
316,909
643,909
984,909
1527,909
317,910
644,910
1263,910
1528,910
316,911
645,911
1263,911
1528,911
317,912
645,912
1263,912
318,913
646,913
1263,913
317,914
646,914
983,914
1264,914
1285,914
318,915
647,915
1265,915
1286,915
318,916
648,916
1268,916
1286,916
318,917
667,917
1267,917
1286,917
1576,917
318,918
666,918
983,918
1266,918
1287,918
1575,918
318,919
667,919
983,919
1267,919
1288,919
1573,919
318,920
668,920
983,920
1289,920
1572,920
319,921
669,921
983,921
1289,921
1571,921
319,922
669,922
984,922
1289,922
1570,922
670,923
690,923
984,923
1287,923
1292,923
1569,923
673,924
691,924
984,924
1024,924
1569,924
671,925
682,925
691,925
984,925
1024,925
1568,925
672,926
690,926
984,926
1025,926
1568,926
671,927
692,927
984,927
1024,927
1567,927
1830,927
693,928
984,928
1025,928
1561,928
1568,928
1830,928
2083,928
324,929
694,929
984,929
1025,929
1567,929
1831,929
2080,929
323,930
695,930
983,930
1024,930
1551,930
1558,930
1831,930
2080,930
323,931
695,931
984,931
1025,931
1552,931
1831,931
2080,931
323,932
373,932
695,932
984,932
1025,932
1551,932
1831,932
2078,932
323,933
372,933
697,933
984,933
1025,933
1550,933
1832,933
2077,933
323,934
372,934
984,934
1025,934
1550,934
1832,934
2077,934
324,935
372,935
984,935
1025,935
1549,935
1832,935
2077,935
324,936
371,936
984,936
1025,936
1549,936
1832,936
2076,936
324,937
371,937
984,937
1025,937
1548,937
1832,937
2075,937
325,938
371,938
1025,938
1547,938
1833,938
2074,938
325,939
370,939
1025,939
1546,939
1833,939
2072,939
325,940
371,940
1025,940
1545,940
1833,940
2064,940
2075,940
325,941
370,941
743,941
1025,941
1544,941
1832,941
2057,941
2064,941
326,942
370,942
741,942
1025,942
1833,942
2057,942
326,943
370,943
740,943
1331,943
1833,943
2056,943
327,944
370,944
739,944
1330,944
1833,944
2055,944
328,945
370,945
738,945
1329,945
1833,945
2055,945
370,946
737,946
1328,946
1833,946
2054,946
370,947
736,947
1026,947
1328,947
2053,947
736,948
1327,948
2053,948
736,949
1326,949
2052,949
735,950
1026,950
1324,950
2051,950
734,951
1308,951
1322,951
2051,951
371,952
734,952
1026,952
1307,952
1316,952
1326,952
2049,952
733,953
1027,953
1308,953
727,954
734,954
1027,954
1306,954
726,955
1026,955
1306,955
1836,955
366,956
716,956
724,956
1026,956
1305,956
1836,956
366,957
719,957
1026,957
1304,957
1837,957
366,958
717,958
1026,958
1304,958
1837,958
366,959
716,959
1027,959
1303,959
1837,959
365,960
716,960
1026,960
1302,960
1837,960
366,961
715,961
1027,961
1057,961
1302,961
1837,961
366,962
715,962
1026,962
1058,962
1837,962
365,963
715,963
1027,963
1058,963
1837,963
365,964
713,964
767,964
1027,964
1059,964
1837,964
365,965
713,965
768,965
1027,965
1060,965
1837,965
364,966
712,966
768,966
1027,966
1060,966
1837,966
365,967
711,967
768,967
1027,967
1060,967
1837,967
365,968
710,968
768,968
1027,968
1061,968
1838,968
1864,968
364,969
709,969
768,969
1027,969
1061,969
1368,969
1837,969
1864,969
364,970
768,970
1027,970
1062,970
1367,970
1838,970
1865,970
364,971
428,971
768,971
1027,971
1062,971
1367,971
1838,971
1865,971
427,972
768,972
1062,972
1366,972
1838,972
1866,972
427,973
768,973
1063,973
1365,973
1838,973
1867,973
2089,973
426,974
768,974
1062,974
1365,974
1839,974
1866,974
2086,974
425,975
768,975
1063,975
1365,975
1867,975
2087,975
425,976
769,976
1063,976
1364,976
1867,976
2087,976
406,977
423,977
768,977
1064,977
1363,977
1868,977
2087,977
406,978
420,978
768,978
1363,978
1868,978
2089,978
2112,978
408,979
423,979
768,979
1362,979
1868,979
2091,979
2112,979
406,980
768,980
1363,980
1868,980
2102,980
404,981
768,981
1362,981
1868,981
2090,981
2112,981
404,982
1363,982
1868,982
2091,982
2113,982
403,983
1362,983
1628,983
1868,983
2114,983
402,984
1071,984
1361,984
1628,984
1869,984
2115,984
402,985
1072,985
1629,985
1868,985
2115,985
402,986
770,986
1072,986
1357,986
1629,986
1869,986
2115,986
1072,987
1630,987
2115,987
1072,988
1630,988
1073,989
1631,989
769,990
1073,990
1354,990
1631,990
770,991
1073,991
1352,991
1632,991
770,992
1074,992
1351,992
1632,992
770,993
1074,993
1100,993
1351,993
1632,993
770,994
1074,994
1101,994
1351,994
1632,994
1874,994
770,995
1075,995
1101,995
1351,995
1632,995
1875,995
770,996
1075,996
1102,996
1350,996
1632,996
1875,996
770,997
1076,997
1102,997
1350,997
1632,997
1875,997
770,998
1077,998
1102,998
1350,998
1633,998
1876,998
770,999
1077,999
1103,999
1350,999
1633,999
1875,999
770,1000
1077,1000
1103,1000
1348,1000
1633,1000
1876,1000
770,1001
1104,1001
1348,1001
1876,1001
771,1002
1104,1002
1348,1002
1876,1002
2148,1002
771,1003
1104,1003
1347,1003
1636,1003
1876,1003
2147,1003
771,1004
1104,1004
1347,1004
1877,1004
2146,1004
771,1005
1105,1005
1345,1005
1876,1005
2146,1005
770,1006
1105,1006
1345,1006
1877,1006
2146,1006
771,1007
828,1007
1105,1007
1878,1007
2145,1007
827,1008
1105,1008
1640,1008
1877,1008
2144,1008
825,1009
1105,1009
1640,1009
1878,1009
2144,1009
824,1010
1105,1010
1379,1010
1640,1010
1878,1010
2144,1010
823,1011
1106,1011
1381,1011
1640,1011
1878,1011
2144,1011
822,1012
1382,1012
1640,1012
2143,1012
822,1013
1384,1013
1640,1013
2143,1013
504,1014
822,1014
1108,1014
1384,1014
1641,1014
2143,1014
504,1015
821,1015
1385,1015
1641,1015
1925,1015
2142,1015
503,1016
814,1016
821,1016
1386,1016
1641,1016
1924,1016
2142,1016
503,1017
813,1017
820,1017
1387,1017
1642,1017
1923,1017
503,1018
805,1018
812,1018
1111,1018
1387,1018
1641,1018
1922,1018
2138,1018
503,1019
805,1019
1113,1019
1387,1019
1642,1019
1921,1019
504,1020
804,1020
1112,1020
1388,1020
1643,1020
1920,1020
2136,1020
504,1021
804,1021
1113,1021
1388,1021
1642,1021
1920,1021
504,1022
803,1022
1113,1022
1390,1022
1643,1022
1919,1022
504,1023
802,1023
1113,1023
1395,1023
1643,1023
1918,1023
2132,1023
504,1024
802,1024
1113,1024
1396,1024
1402,1024
1644,1024
1918,1024
2133,1024
504,1025
801,1025
1113,1025
1403,1025
1644,1025
1918,1025
2133,1025
505,1026
800,1026
1114,1026
1403,1026
1917,1026
2133,1026
505,1027
799,1027
1114,1027
1404,1027
1910,1027
1917,1027
2133,1027
504,1028
796,1028
1114,1028
1404,1028
1908,1028
1917,1028
2132,1028
505,1029
1115,1029
1405,1029
1688,1029
1900,1029
1907,1029
2132,1029
506,1030
1115,1030
1405,1030
1687,1030
1900,1030
1907,1030
2132,1030
1115,1031
1406,1031
1685,1031
1901,1031
2131,1031
1116,1032
1407,1032
1685,1032
1900,1032
2131,1032
1116,1033
1407,1033
1684,1033
1900,1033
2131,1033
506,1034
1117,1034
1408,1034
1683,1034
1898,1034
2130,1034
1117,1035
1409,1035
1683,1035
1898,1035
2129,1035
1118,1036
1411,1036
1682,1036
1898,1036
2128,1036
153,1037
1428,1037
1682,1037
1897,1037
2127,1037
154,1038
1428,1038
1682,1038
1896,1038
155,1039
507,1039
1429,1039
1681,1039
1896,1039
154,1040
507,1040
1429,1040
1679,1040
1894,1040
154,1041
507,1041
1430,1041
1893,1041
155,1042
507,1042
561,1042
1430,1042
1673,1042
1892,1042
153,1043
507,1043
561,1043
1430,1043
1668,1043
152,1044
507,1044
560,1044
868,1044
1431,1044
1667,1044
152,1045
507,1045
559,1045
869,1045
1431,1045
1666,1045
151,1046
507,1046
559,1046
847,1046
869,1046
1431,1046
1666,1046
507,1047
558,1047
845,1047
869,1047
1432,1047
1666,1047
507,1048
558,1048
845,1048
867,1048
1432,1048
1666,1048
507,1049
558,1049
856,1049
1432,1049
1665,1049
508,1050
557,1050
844,1050
867,1050
1432,1050
1664,1050
508,1051
557,1051
843,1051
867,1051
1432,1051
1664,1051
509,1052
556,1052
842,1052
866,1052
1432,1052
1663,1052
1929,1052
509,1053
556,1053
843,1053
866,1053
1432,1053
1662,1053
1930,1053
509,1054
556,1054
843,1054
1432,1054
1660,1054
1932,1054
556,1055
845,1055
1433,1055
1659,1055
1932,1055
556,1056
1433,1056
1933,1056
556,1057
1434,1057
1935,1057
556,1058
1935,1058
555,1059
1935,1059
1435,1060
1936,1060
1937,1061
200,1062
1937,1062
202,1063
553,1063
1436,1063
1937,1063
202,1064
1438,1064
1938,1064
179,1065
202,1065
1438,1065
1937,1065
179,1066
201,1066
548,1066
1438,1066
1939,1066
178,1067
198,1067
547,1067
1439,1067
1943,1067
188,1068
547,1068
1439,1068
1696,1068
1944,1068
176,1069
199,1069
547,1069
914,1069
1439,1069
1696,1069
1944,1069
176,1070
199,1070
547,1070
913,1070
1439,1070
1699,1070
1950,1070
176,1071
199,1071
547,1071
912,1071
1439,1071
1700,1071
1951,1071
176,1072
546,1072
909,1072
1440,1072
1701,1072
1951,1072
176,1073
546,1073
909,1073
1440,1073
1701,1073
1952,1073
546,1074
908,1074
1440,1074
1702,1074
1952,1074
545,1075
908,1075
1440,1075
1703,1075
1952,1075
546,1076
907,1076
1440,1076
1703,1076
1952,1076
545,1077
907,1077
1440,1077
1704,1077
1953,1077
544,1078
906,1078
1441,1078
1467,1078
1704,1078
1954,1078
544,1079
906,1079
1441,1079
1467,1079
1704,1079
1710,1079
1955,1079
544,1080
900,1080
907,1080
1180,1080
1201,1080
1442,1080
1467,1080
1712,1080
1719,1080
1955,1080
543,1081
899,1081
906,1081
1180,1081
1202,1081
1442,1081
1468,1081
1719,1081
1956,1081
543,1082
1178,1082
1203,1082
1443,1082
1469,1082
1720,1082
1957,1082
543,1083
891,1083
896,1083
1178,1083
1203,1083
1442,1083
1469,1083
1720,1083
1958,1083
251,1084
891,1084
1191,1084
1470,1084
1721,1084
250,1085
891,1085
1179,1085
1203,1085
1470,1085
1722,1085
250,1086
890,1086
1179,1086
1203,1086
1470,1086
1722,1086
249,1087
889,1087
1181,1087
1203,1087
1470,1087
1722,1087
249,1088
889,1088
1181,1088
1202,1088
1471,1088
1724,1088
247,1089
889,1089
1470,1089
1724,1089
247,1090
888,1090
1470,1090
1725,1090
246,1091
887,1091
1471,1091
1726,1091
227,1092
244,1092
886,1092
1471,1092
226,1093
236,1093
245,1093
885,1093
1472,1093
228,1094
247,1094
883,1094
226,1095
225,1096
225,1097
224,1098
1238,1098
223,1099
291,1099
1238,1099
223,1100
291,1100
1237,1100
1477,1100
221,1101
290,1101
1237,1101
1477,1101
222,1102
289,1102
1237,1102
1477,1102
289,1103
1236,1103
1478,1103
288,1104
1236,1104
1477,1104
288,1105
1236,1105
1478,1105
288,1106
1236,1106
1478,1106
287,1107
623,1107
1235,1107
1478,1107
287,1108
626,1108
930,1108
1235,1108
1478,1108
286,1109
626,1109
926,1109
1235,1109
1479,1109
286,1110
628,1110
927,1110
1235,1110
1479,1110
286,1111
628,1111
927,1111
1235,1111
1479,1111
286,1112
629,1112
927,1112
951,1112
1234,1112
1480,1112
286,1113
630,1113
928,1113
951,1113
1234,1113
1480,1113
286,1114
630,1114
931,1114
952,1114
1234,1114
1480,1114
1740,1114
1761,1114
286,1115
631,1115
928,1115
950,1115
1234,1115
1481,1115
1738,1115
1761,1115
631,1116
930,1116
953,1116
1232,1116
1737,1116
1762,1116
631,1117
930,1117
954,1117
1736,1117
1763,1117
287,1118
632,1118
930,1118
954,1118
1749,1118
284,1119
633,1119
955,1119
1231,1119
1735,1119
1748,1119
1762,1119
633,1120
954,1120
1736,1120
1762,1120
633,1121
639,1121
953,1121
1738,1121
1761,1121
281,1122
641,1122
1737,1122
1760,1122
280,1123
641,1123
1229,1123
1568,1123
1739,1123
1760,1123
280,1124
643,1124
648,1124
1228,1124
279,1125
648,1125
1228,1125
279,1126
649,1126
1228,1126
279,1127
649,1127
1228,1127
279,1128
649,1128
1228,1128
278,1129
650,1129
1227,1129
278,1130
650,1130
1228,1130
278,1131
651,1131
1227,1131
277,1132
651,1132
677,1132
1227,1132
277,1133
652,1133
677,1133
1227,1133
277,1134
653,1134
678,1134
1226,1134
1789,1134
277,1135
654,1135
678,1135
999,1135
1226,1135
1789,1135
276,1136
655,1136
678,1136
998,1136
1226,1136
1789,1136
276,1137
656,1137
679,1137
996,1137
1225,1137
1789,1137
276,1138
657,1138
679,1138
994,1138
1224,1138
1789,1138
679,1139
994,1139
1225,1139
1788,1139
679,1140
993,1140
1789,1140
680,1141
993,1141
1789,1141
680,1142
991,1142
1789,1142
680,1143
991,1143
1788,1143
680,1144
991,1144
1789,1144
681,1145
991,1145
1788,1145
680,1146
990,1146
1789,1146
681,1147
984,1147
990,1147
1787,1147
681,1148
982,1148
1786,1148
681,1149
975,1149
981,1149
1784,1149
683,1150
975,1150
975,1151
974,1152
684,1153
974,1153
973,1154
973,1155
685,1156
972,1156
1569,1156
686,1157
971,1157
1567,1157
362,1158
686,1158
971,1158
1566,1158
362,1159
688,1159
969,1159
1565,1159
364,1160
687,1160
967,1160
1564,1160
365,1161
687,1161
966,1161
1563,1161
366,1162
687,1162
1562,1162
366,1163
687,1163
1562,1163
367,1164
687,1164
1561,1164
367,1165
688,1165
1561,1165
368,1166
688,1166
1560,1166
368,1167
688,1167
1559,1167
368,1168
689,1168
1559,1168
369,1169
689,1169
1559,1169
369,1170
689,1170
710,1170
1558,1170
369,1171
689,1171
711,1171
1551,1171
375,1172
691,1172
711,1172
1551,1172
377,1173
691,1173
713,1173
1545,1173
691,1174
714,1174
1545,1174
381,1175
715,1175
1543,1175
382,1176
716,1176
1543,1176
382,1177
716,1177
1543,1177
382,1178
716,1178
1294,1178
1542,1178
382,1179
718,1179
1296,1179
1542,1179
383,1180
718,1180
1297,1180
1541,1180
384,1181
719,1181
1299,1181
1541,1181
384,1182
719,1182
1299,1182
1540,1182
385,1183
428,1183
718,1183
725,1183
1300,1183
1538,1183
385,1184
428,1184
719,1184
727,1184
1301,1184
1538,1184
387,1185
428,1185
728,1185
1301,1185
1537,1185
387,1186
427,1186
730,1186
736,1186
1302,1186
1535,1186
1585,1186
389,1187
427,1187
736,1187
1302,1187
1585,1187
390,1188
426,1188
736,1188
1302,1188
1585,1188
426,1189
737,1189
1304,1189
1586,1189
425,1190
738,1190
1304,1190
1310,1190
1585,1190
425,1191
737,1191
1312,1191
1586,1191
425,1192
739,1192
1317,1192
1586,1192
425,1193
739,1193
1318,1193
1586,1193
425,1194
740,1194
1320,1194
1587,1194
425,1195
741,1195
1319,1195
1587,1195
424,1196
741,1196
761,1196
1320,1196
1587,1196
425,1197
742,1197
761,1197
1321,1197
1587,1197
423,1198
744,1198
762,1198
1321,1198
1587,1198
762,1199
1322,1199
1587,1199
763,1200
1323,1200
1587,1200
423,1201
763,1201
1323,1201
1587,1201
764,1202
1325,1202
1588,1202
764,1203
1327,1203
1587,1203
764,1204
1587,1204
419,1205
765,1205
418,1206
765,1206
1077,1206
1082,1206
418,1207
467,1207
765,1207
1079,1207
418,1208
467,1208
766,1208
1077,1208
418,1209
466,1209
766,1209
1076,1209
418,1210
466,1210
766,1210
1076,1210
418,1211
466,1211
766,1211
1075,1211
417,1212
466,1212
767,1212
1075,1212
417,1213
466,1213
767,1213
1074,1213
416,1214
466,1214
769,1214
1074,1214
416,1215
466,1215
1071,1215
416,1216
466,1216
1057,1216
1074,1216
415,1217
465,1217
771,1217
1058,1217
1073,1217
415,1218
466,1218
1057,1218
415,1219
466,1219
1056,1219
466,1220
774,1220
1055,1220
466,1221
774,1221
1055,1221
1361,1221
466,1222
775,1222
1055,1222
1363,1222
466,1223
775,1223
1054,1223
1362,1223
467,1224
775,1224
1053,1224
1362,1224
466,1225
775,1225
1052,1225
1341,1225
1362,1225
466,1226
776,1226
1051,1226
1340,1226
1359,1226
776,1227
1339,1227
1349,1227
1360,1227
776,1228
1340,1228
1360,1228
776,1229
1338,1229
1360,1229
467,1230
777,1230
1338,1230
1359,1230
777,1231
1337,1231
778,1232
1338,1232
778,1233
1338,1233
779,1234
831,1234
467,1235
779,1235
829,1235
467,1236
780,1236
828,1236
467,1237
781,1237
826,1237
466,1238
826,1238
466,1239
825,1239
466,1240
825,1240
466,1241
824,1241
466,1242
823,1242
1089,1242
466,1243
823,1243
1091,1243
466,1244
823,1244
1091,1244
466,1245
528,1245
822,1245
1092,1245
466,1246
527,1246
821,1246
1093,1246
467,1247
525,1247
815,1247
822,1247
1093,1247
467,1248
523,1248
814,1248
1094,1248
467,1249
523,1249
813,1249
1095,1249
468,1250
521,1250
804,1250
813,1250
1096,1250
1115,1250
467,1251
521,1251
807,1251
1095,1251
1104,1251
1115,1251
467,1252
520,1252
805,1252
1095,1252
1114,1252
520,1253
805,1253
1096,1253
1116,1253
520,1254
804,1254
1117,1254
1405,1254
519,1255
803,1255
1118,1255
1403,1255
519,1256
803,1256
1119,1256
1402,1256
518,1257
803,1257
1119,1257
1401,1257
513,1258
518,1258
802,1258
1120,1258
1400,1258
802,1259
1120,1259
1400,1259
510,1260
801,1260
1121,1260
1399,1260
800,1261
1122,1261
1398,1261
504,1262
799,1262
1397,1262
503,1263
798,1263
842,1263
1395,1263
503,1264
843,1264
1381,1264
1388,1264
1399,1264
502,1265
844,1265
1383,1265
502,1266
845,1266
1380,1266
501,1267
846,1267
1380,1267
500,1268
846,1268
1379,1268
500,1269
847,1269
1378,1269
500,1270
847,1270
1378,1270
499,1271
848,1271
1376,1271
498,1272
848,1272
1376,1272
496,1273
848,1273
1375,1273
495,1274
849,1274
1373,1274
1380,1274
849,1275
849,1276
850,1277
850,1278
849,1279
856,1281
1157,1282
856,1283
1136,1283
1158,1283
1134,1284
1159,1284
568,1285
860,1285
1133,1285
1147,1285
1159,1285
544,1286
569,1286
860,1286
1146,1286
543,1287
569,1287
861,1287
1134,1287
1159,1287
543,1288
569,1288
862,1288
1133,1288
1159,1288
542,1289
569,1289
861,1289
1133,1289
1157,1289
545,1290
569,1290
862,1290
1135,1290
1157,1290
542,1291
568,1291
862,1291
1134,1291
1156,1291
541,1292
567,1292
862,1292
541,1293
566,1293
863,1293
541,1294
565,1294
864,1294
542,1295
864,1295
544,1296
865,1296
866,1297
866,1298
867,1299
868,1300
868,1301
234,1305
235,1306
235,1307
236,1308
237,1309
237,1310
884,1310
238,1311
883,1311
907,1311
240,1312
253,1312
883,1312
909,1312
237,1313
252,1313
615,1313
883,1313
910,1313
1170,1313
236,1314
255,1314
614,1314
884,1314
898,1314
911,1314
1171,1314
255,1315
614,1315
897,1315
1172,1315
256,1316
614,1316
884,1316
910,1316
1172,1316
258,1317
612,1317
885,1317
912,1317
1174,1317
258,1318
589,1318
612,1318
885,1318
912,1318
1174,1318
258,1319
293,1319
588,1319
611,1319
885,1319
912,1319
1174,1319
259,1320
293,1320
588,1320
600,1320
611,1320
912,1320
1176,1320
257,1321
293,1321
590,1321
610,1321
911,1321
1178,1321
1196,1321
293,1322
587,1322
610,1322
1176,1322
1186,1322
1197,1322
293,1323
586,1323
610,1323
1176,1323
1195,1323
292,1324
585,1324
1197,1324
292,1325
584,1325
1198,1325
292,1326
585,1326
1199,1326
292,1327
585,1327
1199,1327
292,1328
584,1328
1200,1328
292,1329
1201,1329
292,1330
946,1330
1201,1330
292,1331
946,1331
1203,1331
292,1332
945,1332
292,1333
945,1333
291,1334
944,1334
291,1335
944,1335
292,1336
944,1336
943,1337
943,1338
943,1339
291,1340
943,1340
942,1341
942,1342
942,1343
942,1344
290,1345
942,1345
290,1346
941,1346
290,1347
653,1347
290,1348
332,1348
656,1348
289,1349
332,1349
655,1349
939,1349
289,1350
331,1350
633,1350
654,1350
939,1350
289,1351
332,1351
632,1351
652,1351
289,1352
332,1352
631,1352
650,1352
289,1353
332,1353
632,1353
652,1353
937,1353
289,1354
332,1354
630,1354
652,1354
936,1354
289,1355
332,1355
630,1355
652,1355
935,1355
289,1356
332,1356
630,1356
935,1356
289,1357
333,1357
630,1357
935,1357
289,1358
333,1358
631,1358
935,1358
289,1359
333,1359
935,1359
289,1360
333,1360
934,1360
333,1361
934,1361
333,1362
934,1362
978,1362
333,1363
934,1363
978,1363
334,1364
934,1364
978,1364
334,1365
933,1365
978,1365
933,1366
977,1366
933,1367
978,1367
336,1368
932,1368
979,1368
932,1369
978,1369
979,1370
978,1371
666,1372
979,1372
338,1373
669,1373
979,1373
338,1374
671,1374
979,1374
338,1375
672,1375
979,1375
338,1376
672,1376
979,1376
338,1377
673,1377
979,1377
338,1378
674,1378
979,1378
338,1379
674,1379
979,1379
338,1380
675,1380
338,1381
676,1381
339,1382
677,1382
339,1383
676,1383
685,1383
694,1383
340,1384
676,1384
687,1384
694,1384
339,1385
395,1385
694,1385
341,1386
394,1386
696,1386
341,1387
393,1387
696,1387
341,1388
392,1388
697,1388
981,1388
391,1389
697,1389
981,1389
390,1390
698,1390
980,1390
390,1391
698,1391
981,1391
389,1392
700,1392
981,1392
389,1393
700,1393
979,1393
389,1394
702,1394
981,1394
388,1395
702,1395
978,1395
983,1395
386,1396
981,1396
382,1397
981,1397
380,1398
712,1398
981,1398
376,1399
713,1399
981,1399
374,1400
714,1400
981,1400
374,1401
715,1401
982,1401
374,1402
716,1402
982,1402
372,1403
717,1403
982,1403
372,1404
717,1404
982,1404
372,1405
718,1405
982,1405
371,1406
719,1406
370,1407
719,1407
369,1408
719,1408
368,1409
720,1409
720,1410
721,1411
721,1412
721,1413
721,1414
728,1415
728,1416
728,1417
733,1419
735,1420
736,1421
414,1422
735,1422
414,1423
736,1423
414,1424
434,1424
736,1424
414,1425
436,1425
736,1425
415,1426
437,1426
737,1426
415,1427
435,1427
737,1427
415,1428
438,1428
738,1428
416,1429
438,1429
739,1429
416,1430
439,1430
739,1430
438,1431
740,1431
437,1432
741,1432
743,1433
744,1434
478,1437
754,1437
478,1438
755,1438
478,1439
757,1439
477,1440
757,1440
477,1441
759,1441
476,1442
759,1442
475,1443
759,1443
475,1444
760,1444
475,1445
761,1445
475,1446
762,1446
474,1447
763,1447
474,1448
762,1448
771,1448
474,1449
762,1449
771,1449
778,1449
474,1450
778,1450
474,1451
779,1451
474,1452
780,1452
473,1453
780,1453
781,1454
781,1455
782,1456
783,1457
783,1458
785,1459
786,1460
467,1461
787,1461
467,1462
467,1463
467,1464
466,1465
466,1466
466,1467
504,1467
466,1468
504,1468
466,1469
505,1469
465,1470
506,1470
465,1471
506,1471
465,1472
506,1472
464,1473
507,1473
464,1474
507,1474
463,1475
508,1475
463,1476
508,1476
463,1477
508,1477
509,1478
509,1479
509,1480
509,1481
509,1482
510,1483
510,1484
517,1491
518,1492
518,1493
519,1494
519,1495
519,1496
519,1497
519,1498
520,1499
520,1500
520,1501
521,1502
521,1503
522,1504
522,1505
524,1506
524,1507
524,1508
575,1510
573,1511
572,1512
571,1513
570,1514
569,1515
568,1516
568,1517
547,1518
567,1518
547,1519
558,1519
567,1519
550,1520
567,1520
548,1521
567,1521
547,1522
546,1523
546,1524
544,1525
544,1526
544,1527
544,1528
587,1536
588,1537
354,1578
352,1579
352,1580
351,1581
350,1582
349,1583
349,1584
348,1585
348,1586
347,1587
347,1588
346,1589
347,1590
346,1591
343,1592
341,1594
340,1595
336,1597
336,1598
334,1599
335,1600
335,1601
334,1602
334,1603
333,1604
333,1605
333,1606
333,1607
332,1608
332,1609
